sample_key,mf_status,mf_error,mf_hq_mean,mf_hq_std,mf_hq_min,mf_hq_max,mf_tau_mean,mf_tau_std,mf_alpha_mean,mf_alpha_std,mf_spectrum_width,mf_spectrum_peak_alpha,mf_spectrum_peak_f,mf_spectrum_asymmetry,mf_num_scales,mf_num_q
healthy::1::vowels::a_n,ok,,0.33667229587559916,0.08049835629582346,0.23237225692839697,0.4767220324887602,-1.2473211438946064,1.090834686086452,0.35800537502164653,0.14604243660174757,0.40953868809251626,0.2965427734633028,0.9939898351442258,0.3688929355442784,40,20
healthy::2::vowels::a_n,ok,,0.5632115038801793,0.16976273678823925,0.36165699991971734,0.8565780330568208,-1.5156042852682117,1.8757574053054715,0.6173474733427025,0.2911133155457631,0.7628702165285679,0.46449371265487593,0.9904573339683562,0.2973408470608358,40,20
healthy::3::vowels::a_n,ok,,0.3447706931942027,0.10174833792541962,0.22558545471869065,0.5312724440484167,-1.3087324206453093,1.1522919070012705,0.3846348582464961,0.18534454234449868,0.5031590587077477,0.2869721132327224,0.9934926668977138,0.24602195527519935,40,20
healthy::4::vowels::a_n,ok,,0.47069592230930296,0.17122363528401943,0.261010517881544,0.7554680425092251,-1.5229075233305924,1.5811608716299228,0.5150537426085627,0.28680661375542177,0.7512826411283497,0.3737875695106252,0.9885453402558758,0.3363100335459587,40,20
healthy::5::vowels::a_n,ok,,0.4502945132258901,0.2123836714171888,0.19039286214151485,0.78715181868034,-1.6497569433179464,1.5422380692759248,0.4957574919365862,0.33943580166373166,0.8625651571729396,0.329515587415948,0.9819365671872877,0.32587942311509493,40,20
healthy::6::vowels::a_n,ok,,0.4005464555035318,0.09337385522050773,0.30160416444745036,0.5796006355733799,-1.28094032904121,1.3223293281357142,0.44839668073177175,0.17328424056088898,0.4788589903734122,0.3450372836980301,0.9931807668691293,0.15182351428070245,40,20
healthy::7::vowels::a_n,ok,,0.5083974430154878,0.13085560086915027,0.3554610457582087,0.7287183881517898,-1.3991664939043627,1.6589709334210991,0.5484960552806724,0.21704834327428446,0.5622050139758348,0.43273583033390195,0.98905007666075,0.23584266958082745,40,20
healthy::8::vowels::a_n,ok,,0.4220228458582665,0.1711095384358326,0.21988068944588035,0.7129451284558913,-1.5199579876042288,1.4494325494736375,0.47430340949895083,0.287806202865031,0.7375876231631011,0.3232749147590196,0.9894647001040677,0.2913661295623795,40,20
healthy::9::vowels::a_n,ok,,0.6312078483357827,0.268513191568393,0.3007460450357336,1.043009843047914,-1.8206667167911372,2.1210103590685048,0.6796418159327091,0.41715956637314755,1.0449221765605659,0.47638923202127603,0.9792693627745177,0.3516763429920605,40,20
healthy::10::vowels::a_n,ok,,0.6165145561554224,0.14610893748375217,0.43841895140146636,0.853272292364309,-1.447402558121187,1.9887710784995758,0.6512328574676829,0.23810596071548973,0.6100843275369483,0.5356689069771736,0.986699308526152,0.29970259471725164,40,20
healthy::11::vowels::a_n,ok,,0.6745197501562947,0.21102877454880412,0.4141009153894584,1.0158043827688186,-1.6453612212716504,2.2217806240823736,0.7223249440014784,0.34521330011703605,0.8899958417474938,0.5557549792786222,0.9849693391471346,0.351268833404939,40,20
healthy::12::vowels::a_n,ok,,0.7341675611741263,0.09323960009639898,0.6436039436616984,0.9167085640134748,-1.269073430129857,2.3736986964741766,0.7885461536579224,0.17152725878755157,0.46685940911510393,0.6665654210469883,1.000128161710614,0.1478313636509992,40,20
healthy::13::vowels::a_n,ok,,0.40531690663272507,0.10115358561482095,0.27779650521618343,0.5781332051622293,-1.3105370421540568,1.3150754889621696,0.4323502446803982,0.1773168518522406,0.4816925753871306,0.3531437227116012,0.991726392590799,0.32535209586484903,40,20
healthy::14::vowels::a_n,ok,,0.32932232233353037,0.1205624890075439,0.18535343253599076,0.535711300015942,-1.3668939011285064,1.115625332029492,0.3661872221185606,0.20532638936562847,0.5378682599800464,0.2599365194518115,0.992529852759083,0.29747171720042775,40,20
healthy::15::vowels::a_n,ok,,0.507859977776967,0.1894367284492537,0.2617125119301423,0.8013119594967418,-1.582934221760289,1.671841334196348,0.5357862752124631,0.307206267082128,0.7895120883068354,0.41482910277994867,0.9812625416654523,0.41851979565192,40,20
healthy::16::vowels::a_n,ok,,0.3715128165905224,0.1613611356871644,0.17830456480000853,0.6462189444289738,-1.4912394731504437,1.2857496358092728,0.4195873627858074,0.27356783172180893,0.7105155033528086,0.2794725766867223,0.9899289613494731,0.30350144614845587,40,20
healthy::17::vowels::a_n,ok,,0.3867347747083833,0.0867134628076157,0.2727277836855295,0.5336666611190466,-1.2671760044601899,1.2422142367016276,0.4062500134107324,0.15447424234844823,0.4236400266152547,0.40881694615895914,0.9925108001696268,0.7499943446436272,40,20
healthy::18::vowels::a_n,ok,,0.41984110374686867,0.07354102302477636,0.31287093725175513,0.5338289708416292,-1.227655288806994,1.3206364844550527,0.4240304461738633,0.1289400654394601,0.35839660072542845,0.3902613126480976,0.9936186655993773,0.6375042191921433,40,20
healthy::19::vowels::a_n,ok,,0.28581075066120715,0.0948942475368887,0.1747698442948353,0.44540453152822806,-1.28901095840332,0.9532269626774794,0.31478500203177784,0.15715623170921725,0.4094487786045147,0.22934722029650612,0.9931372966313055,0.2426185315545578,40,20
healthy::20::vowels::a_n,ok,,0.49552599036138584,0.11799071649813773,0.33680820659880834,0.6777808409923846,-1.3636259899996923,1.5818083663523164,0.5095545071740647,0.19515605333628888,0.5186342441963085,0.43855139570226453,0.9896347964308454,0.48844372458695073,40,20
healthy::21::vowels::a_n,ok,,0.5314464713651013,0.08687746510866219,0.429190512194268,0.6848183538446035,-1.2640609029060677,1.7044586559995345,0.5618489010201282,0.15203793679816385,0.41094473272053467,0.4806061045754928,0.9945027175562131,0.2575862670961662,40,20
healthy::22::vowels::a_n,ok,,0.3200376207972844,0.13850482089993466,0.1442410911288093,0.5407740389983778,-1.4252121032958798,1.0814108356297605,0.34664357348423286,0.22714543552883845,0.5875546232377289,0.24730677403226986,0.9885040053254281,0.38207832399142955,40,20
healthy::23::vowels::a_n,ok,,0.4905455316798936,0.13897091958534669,0.3289706883028683,0.7264986219365044,-1.422988972083536,1.6164088154420215,0.5345821034866466,0.23176920068064147,0.6046187028524956,0.40702008502736786,0.9891708989409453,0.24031845129269908,40,20
healthy::24::vowels::a_n,ok,,0.404446564088483,0.08541730505669064,0.3059810997445084,0.5577271815833025,-1.2591465594741016,1.3155842037869,0.4371714701987999,0.15091628902942483,0.4098633284573583,0.3537843803028283,0.9945071082947301,0.22106728141324647,40,20
healthy::25::vowels::a_n,ok,,0.6450012406456256,0.1586398843725299,0.4360160374840797,0.9051128764557053,-1.488903304946818,2.076170001282349,0.6751599674376566,0.2735408693335097,0.7302964689934139,0.5703440075602177,0.9856058050672176,0.41764438106702684,40,20
healthy::26::vowels::a_n,ok,,0.491083670120235,0.1414706646331149,0.3564337679188573,0.7349407479586256,-1.4162767531903722,1.6550226252072822,0.5589986889164176,0.21759493639272082,0.5501395836699822,0.37182685176946406,1.0493001943070113,0.059859914336125065,40,20
healthy::27::vowels::a_n,ok,,0.43723461660088014,0.09196082299667466,0.3533979682257375,0.6078669023179805,-1.2691149372771355,1.4478603240335477,0.4885253916488515,0.15473564464026257,0.397802598061062,0.354380207990205,1.0030949783840297,0.024407656517232625,40,20
healthy::28::vowels::a_n,ok,,0.547931410805202,0.1759314666230496,0.3155191270506855,0.8192660859443669,-1.541817315924466,1.776366597446277,0.5710911802730694,0.2873078128923561,0.752563688676287,0.4628204215560314,0.9824068918484288,0.4373755074174632,40,20
healthy::29::vowels::a_n,ok,,0.5237750712758177,0.2137344202964339,0.2644376054061361,0.8634706364694051,-1.6529989688541078,1.7640597975760526,0.5713457370449935,0.3406470663250349,0.8698443647643912,0.3988189864824019,0.9826784243496368,0.3159154244082317,40,20
healthy::30::vowels::a_n,ok,,0.5459497132970825,0.22418816247997567,0.2618158920048475,0.8913648773808642,-1.6875543439497638,1.8223468725546526,0.5820661958964897,0.3559941855406291,0.9050981397854492,0.4241800730126244,0.9804894131102261,0.39851960102035777,40,20
healthy::31::vowels::a_n,ok,,0.43425910056046246,0.2155623788543396,0.17502085074868684,0.768267811097636,-1.6572635332336827,1.4964395830006412,0.47873043359555273,0.33370536081894137,0.8338578256133635,0.3050241595057439,0.9838224653122029,0.3155300278864249,40,20
healthy::32::vowels::a_n,ok,,0.43383577805093976,0.1690634152720882,0.2303477121112015,0.7141722274785827,-1.5163570899081686,1.4653980288311046,0.4792215300448713,0.27981983809015537,0.727957023443516,0.3359949797455445,0.9865788469301771,0.29379691913878275,40,20
healthy::33::vowels::a_n,ok,,0.4342959272744039,0.11737587374451322,0.30921069588447925,0.6543393498669767,-1.350083073433255,1.4588385853217514,0.4901118154832146,0.21077497456564934,0.5478553983724002,0.36059123077422917,0.9943871949372313,0.17615613948439365,40,20
healthy::34::vowels::a_n,ok,,0.37598036332414486,0.11342819218342394,0.23099460194199115,0.5596958062868547,-1.3484219620051445,1.2288813300430543,0.3989404097205069,0.18971782062621995,0.5001545734867672,0.3169411763910721,0.990815350845136,0.38520075452931984,40,20
healthy::35::vowels::a_n,ok,,0.7053854703006002,0.2335581290879635,0.42611716515787423,1.0776827811017027,-1.7119663536375,2.334007216200345,0.76057557050273,0.37021116357463363,0.939380963857817,0.5650234568822093,0.9831495624895006,0.3022030072716103,40,20
healthy::36::vowels::a_n,ok,,0.436834632326084,0.11507402622765851,0.28329288365952165,0.6222489489463637,-1.354782771530232,1.4084578482871934,0.4558047697633024,0.19670211782506045,0.5278255432807613,0.38266852192735445,0.9903103498319519,0.44817520856038084,40,20
healthy::37::vowels::a_n,ok,,0.44057653639039496,0.15153664538885295,0.24701151984099406,0.6767681860899666,-1.4651150248741263,1.446718169808144,0.4659780789035276,0.24444724448626712,0.6356397621079881,0.35939368287468687,0.9873245079815156,0.39656757324964415,40,20
healthy::38::vowels::a_n,ok,,0.6669149343870641,0.19974080612738876,0.42503213386496086,0.9736648983917924,-1.6094825331254146,2.173477615140471,0.7056008783639827,0.3079680134188752,0.7733563525931428,0.5481548193156794,0.9839891281891691,0.32021218647574257,40,20
healthy::39::vowels::a_n,ok,,0.5302828040680707,0.18731328448844028,0.30165458714940807,0.8406792469864258,-1.5723509548515837,1.7747739721640174,0.578436266085159,0.31199907639529445,0.8008446483634275,0.4264891484816794,0.9865562200471487,0.32859258773301103,40,20
healthy::40::vowels::a_n,ok,,0.5937611850514573,0.26361387721698465,0.2731546382732176,1.0122664650706437,-1.8056361089590591,2.0216353812587147,0.6514923572805194,0.42014355659154595,1.0621930082748752,0.44153376434691294,0.9786857814421825,0.32545179866826696,40,20
healthy::41::vowels::a_n,ok,,0.7410510070227391,0.1534072540479582,0.5564026845975345,1.0056493231708818,-1.4676842922846067,2.395827334186581,0.7883708592227573,0.2645104844025776,0.7055625806554779,0.6534446228106673,0.9897228044709097,0.2949273381636456,40,20
healthy::42::vowels::a_n,ok,,0.5906215482031317,0.14262790671677225,0.4128167932819126,0.8122527725399165,-1.4368865613338522,1.8974704858974065,0.6167181508058844,0.22617660173050835,0.5810150857910577,0.5111380159442378,0.9874845941073657,0.35330290941799514,40,20
healthy::43::vowels::a_n,ok,,0.5002763090348983,0.18468265220069002,0.2720700385495497,0.7860904410012628,-1.5652133222715057,1.6542058547815075,0.5345157793529118,0.2902539566105531,0.7401337765675384,0.3955384048941608,0.9833500046995777,0.33918021069548393,40,20
healthy::44::vowels::a_n,ok,,0.31422338016094475,0.1044161157017808,0.183345009791582,0.4902115916433684,-1.3198670391068859,1.0435535701683911,0.3411513920508985,0.17977120359762164,0.4873473172662368,0.2579097302526878,0.9926276885442712,0.3426634535970794,40,20
healthy::45::vowels::a_n,ok,,0.42363126264235634,0.0928673232035955,0.2967051598552357,0.5762613132652435,-1.2869055515117966,1.351189635544567,0.4390597747847571,0.16454501069816996,0.4562937452632849,0.38296072308793416,0.9915714810664948,0.4534384878044938,40,20
healthy::46::vowels::a_n,ok,,0.4288530561096479,0.14986178754930504,0.25064981165270783,0.6720758214543853,-1.4570203857768498,1.4282896804543896,0.46747719930027243,0.24123092686228736,0.6208072520859953,0.3392947208367182,0.9883735309827979,0.2784542179541608,40,20
healthy::47::vowels::a_n,ok,,0.5261002203773073,0.18277354269629784,0.3203259515703275,0.8411158628037768,-1.5514454235196982,1.7862444487560734,0.5904027178422426,0.3047694944623337,0.7756668231210577,0.4119900834373056,0.9901215663357268,0.23922480978983537,40,20
healthy::48::vowels::a_n,ok,,0.4386444420031651,0.10893604935079258,0.303498514270688,0.6281798329957404,-1.3326296188504538,1.4335257692906689,0.47074761452622854,0.19257092984604937,0.5198222814351015,0.37981085382910995,0.9931700813743307,0.34250066493946796,40,20
healthy::49::vowels::a_n,ok,,0.42990928517337557,0.14804202949897888,0.24325440094597517,0.6588071578899535,-1.4537888141547628,1.4103927347888712,0.4551197489923708,0.23529181277106498,0.6091779535384014,0.3482302168303528,0.9870077452410599,0.37173996357997235,40,20
healthy::50::vowels::a_n,ok,,0.5081444750561271,0.12418962026076377,0.3562365735422352,0.7214027019960816,-1.3789746573213821,1.6571365515363983,0.5444859557984718,0.21496085754019761,0.5799968448648394,0.4378820094800506,0.9920155591196873,0.3222143836292506,40,20
healthy::52::vowels::a_n,ok,,0.6409505799372817,0.1377858975275226,0.44442566496007785,0.8538798578956015,-1.426231894971314,2.028433269963474,0.6508343283748802,0.23746385059245756,0.6487712879556158,0.5842448298441202,0.9876688769158097,0.5888133386792745,40,20
healthy::53::vowels::a_n,ok,,0.5871255179292727,0.18626237367654994,0.33436013013262356,0.8782683328375923,-1.5750750763791972,1.9021016441019882,0.6097922770058345,0.3130873260780939,0.823113141631425,0.6475800326561432,0.9828746319991568,1.0003677147781262,40,20
healthy::54::vowels::a_n,ok,,0.44161510890987044,0.12820867307541942,0.2828628747273028,0.6653233213020054,-1.3922389966105844,1.4576076992436309,0.4799200116395087,0.22712610233364328,0.6088851352784252,0.3736797818035872,0.9906005692775475,0.32168872760056305,40,20
healthy::55::vowels::a_n,ok,,0.4992370495086397,0.10059267972495194,0.3648467139162489,0.6628259703173185,-1.3105082780035526,1.5873444061923025,0.5167897298001158,0.1738889123838886,0.4670326215868399,0.5291090018108935,0.991049192119824,0.8217283120104426,40,20
healthy::56::vowels::a_n,ok,,0.5664119249312313,0.16851166550788568,0.35087329026911424,0.844330461516949,-1.5180481687620613,1.8513755467644852,0.6033156076962612,0.2870617615620647,0.7602384168118701,0.48139455342041504,0.9854877697787372,0.3706201896960358,40,20
healthy::57::vowels::a_n,ok,,0.46934629203397504,0.1377146513299062,0.29382970656215085,0.6995335739231923,-1.4226748325918954,1.5391066983757242,0.5016718628052942,0.2370985731706677,0.6312682348757312,0.39850488073167156,0.9897240960132888,0.3768354992414168,40,20
healthy::58::vowels::a_n,ok,,0.4597216391119539,0.13037388300659378,0.30204202486279513,0.6750869780840035,-1.3983358791053462,1.5066464936231039,0.4940357682351899,0.2155024615497112,0.5603234760312881,0.3854328793833057,0.9903241308108853,0.2965255368424922,40,20
healthy::59::vowels::a_n,ok,,0.5943629847919557,0.16105327640512374,0.3897893253504632,0.8582130847437682,-1.4943779159164337,1.932875732178066,0.6294731821831924,0.2713217643256129,0.714777942799921,0.5101684704721909,0.9874482277446673,0.3743656199227382,40,20
healthy::60::vowels::a_n,ok,,0.6867424817514831,0.2068205849498201,0.40897483447341704,0.9920402200110403,-1.636808599556959,2.2025841704757636,0.7030285383715952,0.328737137209883,0.8411351471207253,0.7663940031998278,0.9790368003223359,1.189832036603673,40,20
healthy::61::vowels::a_n,ok,,0.5814614732782593,0.12976726796545046,0.4218655186818236,0.799732855190352,-1.3966340206691856,1.8807020943892625,0.6162150713532695,0.22042284873226,0.5851052532145999,0.5089799799188685,0.991082469867278,0.3302393129228159,40,20
healthy::62::vowels::a_n,ok,,0.40929124396241684,0.08618719012956208,0.3062511872379924,0.5520864332274007,-1.2634302162326776,1.316999766388165,0.4330466820075122,0.1421949635671359,0.3691146589852685,0.360722553253608,0.9929446364805609,0.2647904352443008,40,20
healthy::63::vowels::a_n,ok,,0.5391158413317412,0.16621644505270847,0.32690778079997984,0.8052754191073509,-1.5107689634047232,1.7597907413590463,0.5710748529383693,0.2749303715280074,0.7211359794052941,0.4528129299498589,0.9850862575082153,0.3779514620246122,40,20
healthy::64::vowels::a_n,ok,,0.41182232580355194,0.15824093110660245,0.21225656646585614,0.6743706914966018,-1.485121752016695,1.3842131931723534,0.44915657789613644,0.268817302425044,0.7177797057818203,0.3262326038343044,0.9884450897131103,0.3633193257993581,40,20
healthy::65::vowels::a_n,ok,,0.4741747255049278,0.12930668941756734,0.3116589079745079,0.6999829384552464,-1.396177156918133,1.5545153018084361,0.5118351987215196,0.2314489265579867,0.6386750461029074,0.40646902489827474,0.9905188084042732,0.3311662312451987,40,20
healthy::66::vowels::a_n,ok,,0.6334076753832745,0.14250860167114526,0.44303599816559736,0.865068499898136,-1.4394373841635157,2.0273406937193346,0.6578207890426201,0.24582849439726742,0.6630487190558494,0.5665224151521007,0.987588845580859,0.4483626674179995,40,20
healthy::67::vowels::a_n,ok,,0.5876063729416163,0.1237568913974408,0.42923552353936884,0.7972801424774186,-1.3794339245439193,1.8917220869364302,0.6179497247170174,0.2166562900081983,0.5941861137048678,0.5220610578053221,0.9914665122805328,0.3890811756282709,40,20
healthy::68::vowels::a_n,ok,,0.5374900430908517,0.15944666301029148,0.3433073242943285,0.8118306692411501,-1.4862548391131871,1.7801403846729098,0.5847787340986144,0.27584854642414713,0.7379592385465235,0.4473235556982784,0.9897119023929665,0.3218243085181044,40,20
healthy::69::vowels::a_n,ok,,0.41439201770043466,0.18064724289457107,0.19502334564407964,0.6976649511442544,-1.551692551254935,1.4021821595633515,0.4526030664961828,0.28450964341870494,0.7284863826963675,0.3081439877965395,0.9858361148160483,0.31348445019187987,40,20
healthy::70::vowels::a_n,ok,,0.571273408315309,0.11944347263407645,0.42863566683844523,0.7822056499822603,-1.3635671894249777,1.852562603219503,0.6117146191442349,0.21046987045765392,0.5674523833806155,0.5030913400572765,0.9922832650933009,0.279756528403751,40,20
healthy::71::vowels::a_n,ok,,0.5450144700952801,0.17012445338739549,0.3220788230844487,0.8096002643985011,-1.5235033255284414,1.768822357691138,0.5697650938955058,0.2784388319225064,0.7345642119816982,0.45931648607943676,0.9839224991803923,0.4291770983556698,40,20
healthy::72::vowels::a_n,ok,,0.2761177544545036,0.0848185278241384,0.1687335683573349,0.4249992063215005,-1.2598781745359022,0.9143572144179893,0.3008789192081238,0.15331079085580548,0.428881859800613,0.2318073525713844,0.9940769420550133,0.3405116455828188,40,20
healthy::74::vowels::a_n,ok,,0.639609997006547,0.2179956942631171,0.3730185264435259,0.9824570507905203,-1.6664449250864468,2.111188944752748,0.6847599334180172,0.34552989906434795,0.877996398550037,0.5139475680899193,0.9821544229685328,0.3322016025101195,40,20
healthy::77::vowels::a_n,ok,,0.5568846365540623,0.1749650955650504,0.3196041263908226,0.8249974699386694,-1.53972801260785,1.7983893982186023,0.5751933257606506,0.2889571432475536,0.7612899232315806,0.47693381152514003,0.9828489685771032,0.49570349363617516,40,20
healthy::78::vowels::a_n,ok,,0.48350676399168774,0.14843122873263886,0.2694762788529514,0.7121946070801584,-1.4593663027300743,1.5559571873127285,0.4922224843509634,0.2569869591613249,0.6949886950178232,0.42413744333225667,0.9875906952159752,0.6333262152985176,40,20
healthy::79::vowels::a_n,ok,,0.4137333878919957,0.1295693624258112,0.24763294197035263,0.6211615713543116,-1.3978704767571986,1.355008589572776,0.43817126633689724,0.21464048859709325,0.5624744996082427,0.3455097461179806,0.9898638827652644,0.40481414550923844,40,20
healthy::80::vowels::a_n,ok,,0.6111984461217196,0.16337348908230295,0.40262737338968135,0.8834067637047477,-1.5012663209477195,1.9908960402516438,0.6487401573585331,0.2806356442754608,0.7503449654373044,0.5254687129663084,0.9880535573067717,0.3876444019361047,40,20
healthy::81::vowels::a_n,ok,,0.568273216196604,0.20936571519577843,0.30183778142355994,0.8994806511923019,-1.6430814895332344,1.8815248138314074,0.6064268644850502,0.3414638155552447,0.8784651990489496,0.4586648127625501,0.9812034640758241,0.3848610305068438,40,20
healthy::82::vowels::a_n,ok,,0.6667007516196811,0.14591093512935832,0.48323765393573664,0.9133726628593659,-1.4469161601964078,2.1514047869610704,0.7041148365040055,0.2522926937987872,0.6836294771686111,0.5875061501842544,0.9896287823213933,0.35863042292056907,40,20
healthy::83::vowels::a_n,ok,,0.4833831910910621,0.18627926949083226,0.2610605768140999,0.7884177493455048,-1.567574910302198,1.6314855605822005,0.5324359047291009,0.3030059483052087,0.7873509907110701,0.37127716451845805,0.9872163859550802,0.29734112638578697,40,20
healthy::84::vowels::a_n,ok,,0.6622263414259449,0.1708051703010743,0.44658362606098584,0.93267681316029,-1.5241647420211861,2.1369940489665105,0.6946397390928769,0.2776318896102087,0.7199527013416418,0.5704639770982385,0.9847073192403157,0.36890069193323405,40,20
healthy::85::vowels::a_n,ok,,0.6573884521684565,0.17003253554270825,0.4368478552473456,0.9378994425844203,-1.5222933485240455,2.132663787901483,0.6928238583134032,0.29195675518862246,0.7831459336473445,0.5700049047531202,0.9879078270657514,0.41815257594004784,40,20
healthy::86::vowels::a_n,ok,,0.48169545878203224,0.16362497932987138,0.2817294741406164,0.7501961455090943,-1.500160792303621,1.6011347280473787,0.5222648412422525,0.2701673149046525,0.7040507423940414,0.38881745193464134,0.9878345505777499,0.3248055617771386,40,20
healthy::87::vowels::a_n,ok,,0.5332457470049812,0.13638239032576122,0.35893888870933777,0.7643171897714277,-1.4190568509946286,1.7317173375458508,0.5668283325062854,0.23857719077982495,0.6387510963155192,0.4656922958229067,0.9888598124402661,0.3622723731776724,40,20
healthy::88::vowels::a_n,ok,,0.666235439726908,0.17899679065961716,0.42020216466635923,0.9358230464422119,-1.552311968805989,2.125865954574487,0.6802828347677927,0.2939875510693758,0.7738948427107402,0.5866574216981963,0.9822812305193371,0.5322502735889103,40,20
healthy::89::vowels::a_n,ok,,0.5911040517690922,0.1638283588593127,0.3683414247973303,0.844448497823278,-1.5056663475657113,1.897344053557567,0.609194855527981,0.2730961679655153,0.7173408777851908,0.6451779657581022,0.9843287801199718,1.043676324257897,40,20
healthy::90::vowels::a_n,ok,,0.5574070101777928,0.10656241289243916,0.41147426835011003,0.7329791978073543,-1.329048509331383,1.7715354256683238,0.5751905036415897,0.18935669765117363,0.5283921274901675,0.5094866281840723,0.9913284430336236,0.47104108326593547,40,20
healthy::91::vowels::a_n,ok,,0.5103794935598819,0.09569325120261378,0.38677607334913694,0.670853180902658,-1.2937230988802118,1.632108175184156,0.5322477394773506,0.1667056120891735,0.45658816329647767,0.4604539946513675,0.9933448908974255,0.40213703970047626,40,20
healthy::92::vowels::a_n,ok,,0.6414847419757734,0.14198254215406445,0.46814007976222377,0.887723518370793,-1.4335627643832332,2.079746034364541,0.6847232378802074,0.24819718064039134,0.6715935205351338,0.5625121654715063,0.9902254922031664,0.3065057091415686,40,20
healthy::93::vowels::a_n,ok,,0.5469430635510759,0.09561503665939917,0.42766920764835786,0.7178780621738152,-1.2920369873242081,1.7557799705490058,0.5775522666022157,0.17472667233863776,0.4853589781620733,0.4963535739018148,0.9937786787557888,0.33133928767517046,40,20
healthy::94::vowels::a_n,ok,,0.5293339967142504,0.18245904660843035,0.2943381114555086,0.8275443592770617,-1.560974473986605,1.750784475747676,0.566543146066601,0.3091317277318585,0.8113154239541016,0.4377685475785995,0.9849375883147257,0.3983668085855192,40,20
healthy::95::vowels::a_n,ok,,0.5990247022964835,0.16309449395550385,0.401632551122559,0.8778364400969516,-1.4972093925981633,1.9696921522683548,0.6470318421459302,0.27924709607394504,0.738101104298865,0.5060337726966488,0.989446045448692,0.3146402974298831,40,20
healthy::96::vowels::a_n,ok,,0.5022892529719587,0.10541981827414226,0.3698877631003446,0.6857841167412081,-1.3228138277858608,1.6210550423705612,0.5325994725210975,0.18788331635786598,0.5156615045047435,0.4469128676658174,0.9924485522157381,0.33959626842307483,40,20
healthy::97::vowels::a_n,ok,,0.3220213247246505,0.1237947138721399,0.1677080345810063,0.5245898360231613,-1.3794009411756918,1.080021693900787,0.35071339564451953,0.20610915606979344,0.5407899365711026,0.2547532023110952,0.9904122080521683,0.34111011301240907,40,20
healthy::98::vowels::a_n,ok,,0.6204332188886605,0.23390542250155755,0.33020386084623016,0.9895951325982089,-1.7157674944368335,2.0677516654135006,0.6672032953959321,0.37498620889316664,0.9616863030590235,0.4878588210743089,0.9821695907650279,0.35998422677283304,40,20
healthy::99::vowels::a_n,ok,,0.513993321796424,0.15472506879336476,0.31192925692679674,0.7595281421245942,-1.4761894399790294,1.6708826422864458,0.5398223397485782,0.2572556217849306,0.6783501908947898,0.43688333015495906,0.9865751097030326,0.42117310275333175,40,20
healthy::100::vowels::a_n,ok,,0.6993722416036996,0.1655313149893379,0.502166128378562,0.9777341259346922,-1.5036509866072276,2.2776950413350465,0.7472571797917388,0.2763599685526952,0.7173974364819387,0.6019664616594291,0.9897025573194635,0.3028589405167024,40,20
healthy::102::vowels::a_n,ok,,0.4071098853913753,0.12351018478714415,0.2529797338022718,0.6166964573880053,-1.3782486212875757,1.3427588625450644,0.4399951441444984,0.21353157685851495,0.5771446078783029,0.3400245640997229,0.9909040811560796,0.33874552890360526,40,20
healthy::103::vowels::a_n,ok,,0.5652431802468343,0.16947363919710165,0.3521997272711876,0.8471839781965488,-1.519452031549031,1.8580532265076493,0.6059491380213183,0.28810119628588204,0.7611352608153292,0.47494897193337593,0.9874925938216124,0.3615120721801919,40,20
healthy::104::vowels::a_n,ok,,0.5812104665145122,0.2219533918661449,0.2990205887607379,0.913030824580079,-1.6805137716424086,1.910744381646537,0.6106300005516004,0.34400813572453515,0.8654066479007243,0.4618880066310018,0.9781736373529217,0.39744219480964066,40,20
healthy::112::vowels::a_n,ok,,0.5249143664604004,0.1254492982483639,0.36868280891853605,0.7424150842272156,-1.383914563987384,1.7067745650461645,0.5612634170521488,0.22156449059622593,0.6033891338024766,0.4578571151795794,0.9911092486824093,0.3294817469764273,40,20
healthy::113::vowels::a_n,ok,,0.42830098470350286,0.09247810472514241,0.30830314893969724,0.5910926589669285,-1.283990984893692,1.381867188517882,0.453713413770909,0.1699288851487783,0.4766804539258809,0.38275791702607964,0.9931565811628791,0.373240930114478,40,20
healthy::114::vowels::a_n,ok,,0.4059295511880592,0.1152979590090194,0.26833815339881395,0.604308199883253,-1.3509427116187047,1.3413556568415512,0.44193256261936914,0.197387534610862,0.5234371740552519,0.33907173252105727,0.9927908570883602,0.2898823211535466,40,20
healthy::115::vowels::a_n,ok,,0.5246612119824076,0.10661996180758354,0.38521681741187735,0.7091606982052068,-1.3274051510978162,1.686295692211573,0.5513260898701406,0.1932700264373276,0.5440639608354729,0.470749500251356,0.9925399825130251,0.4079093593123572,40,20
healthy::116::vowels::a_n,ok,,0.481466588162246,0.12139943559712046,0.33041497512457435,0.6899603557046927,-1.3717963171313856,1.5684222168572508,0.5154900721311296,0.2121500074735046,0.5718933370482064,0.4165185204814279,0.990886593650755,0.32711247763214585,40,20
healthy::117::vowels::a_n,ok,,0.4593500388205367,0.12164247865596098,0.300524999689136,0.6658459553990363,-1.3737700040730325,1.496154289209862,0.48754176702156304,0.21575741677296556,0.5884552217764565,0.39923324841770913,0.991448955058233,0.4112837238703691,40,20
healthy::121::vowels::a_n,ok,,0.45486908571532503,0.12263728452377724,0.2929332878062593,0.6546668459721459,-1.3776746657068,1.472036645175371,0.4772908581926775,0.21049971745028953,0.5709730067307306,0.39434517540767466,0.9897437535922815,0.4329390939120713,40,20
healthy::122::vowels::a_n,ok,,0.4072042601988164,0.13901718889626194,0.23210327810151513,0.6322405209838176,-1.4265541225575373,1.3458115719385857,0.4368131933056693,0.2304105013374721,0.6016173796650541,0.3333705888109527,0.9886048756020114,0.3609602107362019,40,20
healthy::123::vowels::a_n,ok,,0.5002682847472212,0.18846600521533277,0.27186827352282955,0.8027248642287163,-1.5751545983043116,1.6774190986219333,0.5441665301578855,0.3029065814509016,0.7735122178012244,0.38976620267518913,0.9869910215001199,0.3254884618943993,40,20
healthy::124::vowels::a_n,ok,,0.5191443644131326,0.15050915380543217,0.33369630508006,0.7655850857318033,-1.4608570968029928,1.6983087226208147,0.5553298043943697,0.24922261614954896,0.6539698475649725,0.4352979420660946,0.9876923422030739,0.32271344465516527,40,20
healthy::125::vowels::a_n,ok,,0.5514388911193623,0.11664893322686776,0.3958599008402798,0.7432364910547024,-1.3594506196593377,1.7627192786850472,0.5730973736209819,0.20335203875277996,0.5610711650392695,0.49474991676519076,0.9907421180350644,0.4357602187482995,40,20
healthy::126::vowels::a_n,ok,,0.5789059808676816,0.16894569368293974,0.37269870145118333,0.8515750925114276,-1.5159830755745656,1.8976125219903628,0.6182685032924236,0.27412302390528764,0.7056364632793861,0.48104890379148246,0.9882385075637035,0.3345389207164719,40,20
healthy::132::vowels::a_n,ok,,0.6999100930987596,0.1786946305035788,0.4593213361151321,0.9800867052969883,-1.551227821181911,2.243517798432128,0.72339068859236,0.2995952919321132,0.7926111142183441,0.6173350049647921,0.9838366166933797,0.4777762666678861,40,20
healthy::133::vowels::a_n,ok,,0.602802936055787,0.17915539587810395,0.3941334078381589,0.9106181043921875,-1.543595019467998,2.0051194848160794,0.6612130451473794,0.30245702862301993,0.780952654925291,0.4960801653368878,0.9890925558010089,0.268811894404135,40,20
healthy::134::vowels::a_n,ok,,0.5994728690524476,0.20155024930860402,0.34823152863352547,0.92395145354755,-1.6176614938179785,1.9787388416344922,0.642823801103343,0.3303068567497067,0.8603618413877303,0.4884364005144912,0.9833415586408539,0.349843685845626,40,20
healthy::135::vowels::a_n,ok,,0.5155979795262453,0.14563690134338156,0.3284629035413159,0.7511121187920105,-1.4474872920722803,1.6774313662784692,0.5442462913260833,0.24392661702212828,0.6403112467740764,0.44085915195344305,0.9885190045695267,0.3988358306925183,40,20
healthy::136::vowels::a_n,ok,,0.39212916785100516,0.10311446558603307,0.25619641243593455,0.5669818152263087,-1.3172050908845112,1.274449927643954,0.41524233680470923,0.1838396715037826,0.5080550102086021,0.34167190593601116,0.9925018897265095,0.41714654292835324,40,20
healthy::137::vowels::a_n,ok,,0.4090942484329488,0.14598452346857224,0.22966558445735222,0.6606715706430737,-1.4464337478220641,1.3756703549071088,0.4516845351480758,0.25425463410482746,0.6771456773071098,0.3301920552810751,0.9891995234713786,0.315813990857809,40,20
healthy::145::vowels::a_n,ok,,0.48921499417791364,0.11368639872674502,0.3406021906858174,0.6736657759001369,-1.3497724277899659,1.5717018701368117,0.5104761726054402,0.19310905633425782,0.518362896564788,0.4319478179780205,0.9908700565929481,0.421367821781896,40,20
healthy::153::vowels::a_n,ok,,0.4699977429186819,0.1835290728134318,0.233167071697497,0.7572522185704829,-1.5642968910251103,1.558956800821947,0.4998650847886802,0.298995473228701,0.7743705130188494,0.37624859133065536,0.983242956926806,0.40491932481301907,40,20
healthy::156::vowels::a_n,ok,,0.5880323968699988,0.11718473351677854,0.43283586210279323,0.7845790186460293,-1.3603802922793278,1.8825787774794054,0.6124454229119968,0.20726146831117476,0.5739803142289341,0.5293741799695433,0.9916912517534051,0.44542943207110486,40,20
healthy::157::vowels::a_n,ok,,0.765471001552678,0.250604656961384,0.44734215161430135,1.156702510300737,-1.7694466441859213,2.5064807668700637,0.8085682231318169,0.40313711798676294,1.0190518680905436,0.635157170495881,0.978074723483328,0.3924353727851645,40,20
healthy::158::vowels::a_n,ok,,0.7764422018853514,0.15062523919372978,0.6080329002376249,1.036023205612356,-1.4551042237609948,2.5142263619456333,0.8302887725644418,0.2502884811960125,0.6421412913225177,0.6810490707102014,0.9907938215302743,0.2148433224740937,40,20
healthy::675::vowels::a_n,ok,,0.8472869165712831,0.26891500205257557,0.4929459593758821,1.2596983801377648,-1.8280750964743255,2.7515249254176637,0.8810040998189501,0.4357077324821254,1.103201687251718,0.717820458698371,0.9741879022753388,0.4710231632591451,40,20
healthy::676::vowels::a_n,ok,,0.6673188076542529,0.1641291401331215,0.4828351286455668,0.9552194735507854,-1.4951564485924003,2.1986569660789073,0.7281711397436383,0.2787338940243404,0.7129916528008691,0.5663412506763006,0.9910082686442654,0.23051836621316793,40,20
healthy::677::vowels::a_n,ok,,0.5952729676684075,0.1699648245966632,0.3969892966544553,0.8801008253128613,-1.5159557758379467,1.9662096364511712,0.646480938532135,0.2796999241593803,0.7222829082126343,0.4910950878202889,0.9897960052054267,0.2737752724841014,40,20
healthy::678::vowels::a_n,ok,,0.5879913235491269,0.13963902901074093,0.4177795289827964,0.8231937094565419,-1.4270283828009815,1.907035831845396,0.6265446794829372,0.23652173708512542,0.6255543558142267,0.5100897858910183,0.9892789693487776,0.30216724291685665,40,20
healthy::679::vowels::a_n,ok,,0.6272996808346085,0.2027637417726872,0.35450954637350685,0.938727636372705,-1.6254674591132712,2.0257293001299836,0.6500881772483735,0.3342934206674329,0.8715923880886893,0.7021082172918299,0.9830831405867277,1.0104635276217393,40,20
healthy::680::vowels::a_n,ok,,0.635479810675462,0.2137931368189907,0.36131684482821785,0.9655931870177822,-1.65676332410762,2.075998598725953,0.6686252613282664,0.3428047247542734,0.8824446921774132,0.523896317934313,0.9796900129914904,0.39765056007775884,40,20
healthy::681::vowels::a_n,ok,,0.8604316494616041,0.23510451863490262,0.5238390526835452,1.1992803292785663,-1.7260328880164906,2.72579514330878,0.8619578770806268,0.38366988052310214,0.9909124557094513,0.9541411050671396,0.9771309963265674,1.4096831810620694,40,20
healthy::682::vowels::a_n,ok,,0.5787998603777744,0.16656471386152433,0.37667723180730706,0.8517341116934936,-1.5090717190778515,1.897682336162528,0.6205697900152923,0.27350158025187,0.7016349743298025,0.4844060201150753,0.9870472477615724,0.3130874516073933,40,20
healthy::683::vowels::a_n,ok,,0.5981357995228042,0.16645992391220188,0.39602739433364026,0.8619380190587612,-1.508430824501438,1.947973777015963,0.6347590819896004,0.2646912347409338,0.6753224064905217,0.5009010084313328,0.9871120686269994,0.3205094048868227,40,20
healthy::684::vowels::a_n,ok,,0.5420335016748073,0.12347549042518596,0.3780244312215439,0.7492863104344925,-1.3802898677799544,1.7438761752824223,0.567511875489996,0.21879697577916368,0.5952924294645396,0.48341871563543326,0.9903343885450587,0.4352857093703687,40,20
healthy::685::vowels::a_n,ok,,0.461424847571055,0.1274595999923938,0.3059625050971725,0.6725437088428984,-1.3899163090123288,1.5075776746045197,0.49454348749586974,0.21232935028011654,0.558082659813782,0.38982200354674346,0.9899997724353745,0.30213697055654437,40,20
healthy::686::vowels::a_n,ok,,0.4659470753927225,0.09814020744450509,0.33971964643806307,0.6348119941205587,-1.3013253258135233,1.4995937637326535,0.49127446082837184,0.17511731521193707,0.48329775315212764,0.416126761130016,0.9927410815592084,0.37141277209377155,40,20
healthy::687::vowels::a_n,ok,,0.5102023646296634,0.15337383024061307,0.32575275944540183,0.7715953317046405,-1.467159144579957,1.6928070104350184,0.5556067002281536,0.26087286133810234,0.6740396221406773,0.4244447411910537,0.9906013557751008,0.3074448002960367,40,20
healthy::688::vowels::a_n,ok,,0.6685364902617904,0.17023692378378694,0.4413696785026038,0.9463255662892089,-1.52491603096194,2.1547898683777835,0.6985127642266094,0.29438906682962535,0.7883437139151344,0.5896910097437342,0.9857750722512312,0.44548279656252576,40,20
healthy::689::vowels::a_n,ok,,0.5019830776466254,0.08421135417317101,0.38819614948799486,0.6406827531037447,-1.2598106741273498,1.5899936591373973,0.5168899585268961,0.14830440306270307,0.41136059474623643,0.4628239885396992,0.9930236973211428,0.45037939679595085,40,20
healthy::690::vowels::a_n,ok,,0.5539965616849815,0.12139776607891312,0.41407823103007063,0.7605071215903372,-1.3684856785718444,1.7997484731737374,0.5934626225763606,0.20178235741397949,0.5186219497824132,0.480624378496882,0.9921727360666575,0.2417106830704677,40,20
healthy::691::vowels::a_n,ok,,0.5025573966081147,0.11129389407273328,0.36158998915091833,0.6927203581832403,-1.341386603072527,1.6215002508832204,0.5318492316549845,0.19554093529420957,0.5372738301669293,0.4439902129028406,0.9916009128184284,0.3483676256222277,40,20
healthy::694::vowels::a_n,ok,,0.517964681817611,0.16384261976092204,0.31468015221017104,0.7944847318878367,-1.5019688120138992,1.7131385220504611,0.5611451641862122,0.28064414515176017,0.7404046400685589,0.4301420342771305,0.9869846017834664,0.3294768354962294,40,20
healthy::695::vowels::a_n,ok,,0.4516873394432843,0.130701701499756,0.2911816855950477,0.6731139585443109,-1.3994876283174547,1.4871839730112157,0.4877853663143689,0.22348602008920665,0.59396069560154,0.37930695884419285,0.9909634095440614,0.3234013429420196,40,20
healthy::696::vowels::a_n,ok,,0.6087259759965746,0.17715691412832704,0.39264365381341193,0.8930853487919719,-1.5414303055090683,1.9901876161010181,0.6493396203148706,0.28591962402484494,0.740277600337861,0.5059964535473931,0.9865476216592312,0.320030009082797,40,20
healthy::697::vowels::a_n,ok,,0.5005954644934135,0.12144499356450661,0.34675485239786397,0.7061591135639431,-1.3723632358505258,1.6239467155218248,0.5312030922942406,0.21105027042963723,0.5671171605315903,0.4371071424138958,0.9912740688203203,0.3651359193772834,40,20
healthy::698::vowels::a_n,ok,,0.7058958915460828,0.21069512736785223,0.44354658820561027,1.0439874708310755,-1.6456640753134675,2.307283983142605,0.750813370451841,0.3439197416624083,0.8901286588549313,0.5903179111731538,0.9828709289613493,0.3480292453385334,40,20
healthy::699::vowels::a_n,ok,,0.4941098365873707,0.12444314769603292,0.3393018672744921,0.6989009549012373,-1.3811857185085106,1.602766735014817,0.5237391359753981,0.20812344100040436,0.548706956191694,0.42580079736734433,0.9904648193585358,0.34309686639587206,40,20
healthy::700::vowels::a_n,ok,,0.4854003378661343,0.12917551458638715,0.3227975565790777,0.6959892248274546,-1.3958281277364732,1.5782365829966376,0.5138679374938641,0.2154302435967104,0.5686775038948082,0.4146242570155322,0.9907185743174849,0.37071319297935923,40,20
healthy::701::vowels::a_n,ok,,0.7469670979900488,0.2527131613065984,0.40216743307084596,1.1314090169516087,-1.7801074107258348,2.420490771123121,0.7702159589697958,0.41633430448038894,1.0748871066117371,0.8337971614959457,0.9771635872877944,1.0950950841591092,40,20
healthy::702::vowels::a_n,ok,,0.592040943421812,0.14405123286440696,0.4071052093875258,0.8267471158293993,-1.4423202278100429,1.911184275766702,0.6215279078844466,0.24294812220960219,0.6476738375086848,0.5161839470287148,0.9890882456505481,0.39878758916364715,40,20
healthy::703::vowels::a_n,ok,,0.47440992180050834,0.13174771349894435,0.30439865959488166,0.6971095580049557,-1.4050831805011432,1.547252080354762,0.5055988651089218,0.23122630675008152,0.6260638637685294,0.40881594447149805,0.9892506309072644,0.3767025775222966,40,20
healthy::704::vowels::a_n,ok,,0.5147827884566781,0.14675187957107744,0.3399508186482267,0.7627212507803398,-1.447005677673155,1.6964036809554008,0.5582496559343573,0.24631666298026336,0.6513177885247616,0.4282790809688646,0.9904026200971475,0.2841188339599161,40,20
healthy::705::vowels::a_n,ok,,0.6814799045169789,0.17518798383659245,0.4714074381039786,0.9629901947760722,-1.5347360677071593,2.2119824654708995,0.7238200585254109,0.28042111110471335,0.718148742315277,0.5775678337674591,0.9859131887590327,0.29228150658039503,40,20
healthy::706::vowels::a_n,ok,,0.8123706945948477,0.18440434499569097,0.5722672684255337,1.1138130703029192,-1.5669184605913924,2.611855854824589,0.8485943351451191,0.3145600641555026,0.8398569247848666,0.7187280095359436,0.9860972481205519,0.4232919864084122,40,20
healthy::707::vowels::a_n,ok,,0.4987749805382197,0.10448845251814454,0.36971664055735004,0.6789675882478231,-1.3197054527792482,1.609226337578193,0.529141740913966,0.18270505842926413,0.49404142837442633,0.4421497203435145,0.9923909256568946,0.31508896861502916,40,20
healthy::708::vowels::a_n,ok,,0.6426972366392779,0.20826587695271892,0.3686868429169388,0.9476649353454042,-1.639676616296763,2.0718710459761724,0.6611872114507984,0.3243467946779896,0.8273257237718092,0.5374990656062886,0.9786395413131596,0.4623904374400935,40,20
healthy::709::vowels::a_n,ok,,0.4604606711835627,0.171654218717423,0.22827802111822043,0.7263082552754692,-1.5296098582993278,1.510140619368467,0.4803787431727876,0.2855249492078784,0.7508573015475339,0.38206735538561154,0.9836981628153308,0.4895715114083258,40,20
healthy::710::vowels::a_n,ok,,0.5546186147698388,0.15078717712811152,0.3598106982661613,0.7984499667266635,-1.4634362590285537,1.800062808581895,0.5836143783505898,0.2533648455542287,0.6642306221366057,0.47833994506496325,0.9883129754650324,0.41194792887901616,40,20
healthy::711::vowels::a_n,ok,,0.5064180588169709,0.12161630515723326,0.35706878197971187,0.7138508408082058,-1.3715942991329997,1.6471999254601504,0.5408136636811587,0.20944353418901562,0.5608569142054325,0.4386811932160075,0.9916724701051636,0.3232545407438765,40,20
healthy::732::vowels::a_n,ok,,0.3769462010824353,0.09130719574765259,0.2663038606622006,0.5476726353668306,-1.277784052635354,1.2380643803233393,0.41270641740501757,0.1733014537430612,0.4903946439557769,0.32767559725478645,0.9940361853981898,0.2739693424961734,40,20
healthy::733::vowels::a_n,ok,,0.5866411754649846,0.1568727829316552,0.4019247870773448,0.8463356318638232,-1.4775999382128213,1.9213531124103376,0.6309789136909236,0.2560941360281374,0.6526046992946402,0.4932555372444689,0.9890689034228197,0.2743420979656358,40,20
healthy::734::vowels::a_n,ok,,0.5601707001050614,0.2024563948677873,0.31524831131374353,0.873947325157693,-1.6179660400645157,1.8556743493536823,0.6012344662363035,0.3145442997674394,0.7904290047051266,0.4404558387136759,0.9840997718727336,0.31388171926188374,40,20
healthy::735::vowels::a_n,ok,,0.639761816884176,0.14593283131960433,0.4613584769306821,0.8907527913948816,-1.4454846076618781,2.077193344937154,0.6827274106958706,0.25293219347397977,0.6813001064924213,0.5576071894615394,0.9902788407792398,0.31819716087150973,40,20
healthy::736::vowels::a_n,ok,,0.5798234509328665,0.16147925518625736,0.36806151601469317,0.8348093821596305,-1.4970290765328325,1.8750324354304577,0.6053210758847575,0.26782162683094507,0.7009109845244392,0.49944915220768993,0.9861188919775341,0.4405257395348004,40,20
healthy::737::vowels::a_n,ok,,0.47641245724102443,0.09162896495277077,0.374203724900482,0.64680359463865,-1.2762799437391932,1.5497958459517653,0.5169628523512398,0.16624632105374484,0.45011900173656194,0.42135291228973404,0.9946048748127501,0.19102369956572285,40,20
healthy::738::vowels::a_n,ok,,0.5821987517066163,0.12019564998120964,0.4450287240612897,0.7857995533882066,-1.3634785971728483,1.8878466874594095,0.6215800179698878,0.19798777437766515,0.5173263832984967,0.5052230575614596,0.9934866325283537,0.2506842907700176,40,20
healthy::739::vowels::a_n,ok,,0.6119496562030939,0.17127137671019232,0.392922561979437,0.8902483650400648,-1.5253292453941114,1.9957613475334146,0.6470234048043357,0.2873166576922943,0.7515726224143613,0.5219078464964823,0.9883934611482128,0.40664587217758463,40,20
healthy::740::vowels::a_n,ok,,0.5990446059419656,0.1918509983578918,0.3501590253805375,0.8955383867281954,-1.5900303198869163,1.948806848481479,0.6272864692177829,0.3100326921811217,0.7982220905037272,0.5024417330819262,0.9822175508924427,0.41903909977067333,40,20
healthy::743::vowels::a_n,ok,,0.5650860974588583,0.20493833697933886,0.31226714205762107,0.8839444760469939,-1.626760588194569,1.8699250618378807,0.604513797710852,0.32318363619613355,0.8260976999753971,0.447222440161396,0.983788575022724,0.3417192221463909,40,20
healthy::744::vowels::a_n,ok,,0.7249054416171982,0.2325747540242012,0.42003809063812764,1.070282473565179,-1.7149802086701016,2.3397367546326198,0.7485953270554351,0.36551538889371793,0.9247196114549654,0.81457699011625,0.9770734724996335,1.1374192415417361,40,20
healthy::745::vowels::a_n,ok,,0.5539453974788628,0.1277922408474776,0.39589016390140763,0.772400764881953,-1.3910832721650555,1.7954450478141877,0.5897281142792326,0.2214754498814335,0.5930956250547128,0.4847860354609834,0.9906242949100115,0.3229899235255061,40,20
healthy::746::vowels::a_n,ok,,0.34506277178780026,0.13908614379401538,0.17955764802478147,0.5703267294643067,-1.424007694005453,1.168670034202312,0.38033675447394155,0.22333282044111324,0.5653926691913604,0.2623077797436003,0.9896836788265235,0.2931658202302428,40,20
healthy::747::vowels::a_n,ok,,0.4941562619472705,0.0909611698517826,0.3671928372673036,0.6400652891871992,-1.2809004566819366,1.5663374902799712,0.505336692372668,0.1595949869837384,0.44343572459418246,0.45249471463411983,0.9930265768030698,0.5548055569614964,40,20
healthy::782::vowels::a_n,ok,,0.629675310590852,0.18320691209336948,0.3886712711016691,0.9235774561916442,-1.5642257800713284,2.0441974309369564,0.6609829945377628,0.3090271800552225,0.8197344538103977,0.5402235659717627,0.9842618553747948,0.43202634953975955,40,20
healthy::803::vowels::a_n,ok,,0.6377808719102422,0.25306395858778763,0.31524003943300494,1.0097992877032769,-1.7753190065709064,2.097987578048978,0.6672796857160106,0.3871563225322384,0.9673435405693023,0.5008971007786228,0.9757868152437501,0.40988682992289005,40,20
healthy::804::vowels::a_n,ok,,0.729859940424969,0.2076910675415063,0.4491795033279835,1.0515171356555375,-1.640558883921495,2.351601684464199,0.7540242574572467,0.3451823799683971,0.9054707477663708,0.6333884351091583,0.9816310225067547,0.504574887795845,40,20
healthy::805::vowels::a_n,ok,,0.6492770250465021,0.2150164075407482,0.3740216575442172,0.9816074574055547,-1.6594966694709554,2.1251945068998497,0.6831957528625298,0.34449751507653587,0.8914693608538191,0.5315939408707554,0.9832566235978366,0.41580392958227397,40,20
healthy::806::vowels::a_n,ok,,0.5128407640665993,0.1322736669670774,0.3470499806512482,0.7376453134758008,-1.4048924089298584,1.6732231325089102,0.5477211200828116,0.22944956554161774,0.6164730248905483,0.4417485224736062,0.9909637621333841,0.3565497136426571,40,20
healthy::807::vowels::a_n,ok,,0.6230404759895543,0.1460469201235872,0.43626263677976485,0.8656359185009315,-1.4484264957951687,2.0103981479369666,0.6562782174196086,0.25054726340058636,0.6765537656203122,0.5467544988680355,0.9890340277865998,0.37534055362251956,40,20
healthy::808::vowels::a_n,ok,,0.5670888094507938,0.21669266362291978,0.2971890858543639,0.9006663114076109,-1.6633884229911815,1.8796689446345543,0.6049614479923159,0.3403454638477408,0.8667926080177137,0.44492307247292273,0.9813790927476919,0.3591829610901389,40,20
healthy::809::vowels::a_n,ok,,0.7524118589577707,0.26632627779835866,0.40905337374309525,1.141774468038147,-1.8163872196148028,2.4469144479205327,0.780002409732764,0.4085566115456841,1.0278578948428767,0.6105364280553564,0.9750905142054791,0.43287609824506523,40,20
healthy::810::vowels::a_n,ok,,0.4909732778724232,0.13749417445272474,0.31674864514648543,0.7231051075616248,-1.4217673869639604,1.6061653761584975,0.5252376408931224,0.23840199869414072,0.642733876266576,0.41852619107405065,0.9896809065998309,0.36218977604276026,40,20
healthy::811::vowels::a_n,ok,,0.582350279923596,0.20162987858335782,0.33688159634463677,0.9118823203159013,-1.6162845989116086,1.938523651264918,0.6319291990674051,0.33078051532545005,0.8515889469280817,0.46761166494253126,0.9845140248248603,0.3211687578305615,40,20
healthy::812::vowels::a_n,ok,,0.5899976910259632,0.17097744057709463,0.3567501355491945,0.8581215100408777,-1.527747224769292,1.9045192581704606,0.6106977736570689,0.28910674335450753,0.7673235289016507,0.512533961277871,0.9855693235076224,0.5095570885351973,40,20
healthy::813::vowels::a_n,ok,,0.6603419093939253,0.21859158934900114,0.38263197456366316,1.0083363884179513,-1.671644595012142,2.165003320397791,0.7018130751350196,0.35857280105496414,0.929992665414229,0.5468934908488343,0.978968699185981,0.36860822293505635,40,20
healthy::831::vowels::a_n,ok,,0.45617817489566315,0.11212227243777488,0.3067785419205058,0.6434355549735472,-1.345356095245192,1.4728425674547363,0.47863284977375775,0.19812473567875719,0.5411118389689245,0.4031794022805125,0.9915877527359425,0.4403557025231535,40,20
healthy::832::vowels::a_n,ok,,0.5961765751370957,0.11667395527696421,0.4398620279177009,0.7890255588115531,-1.359950393385973,1.8991925272170027,0.6179430768500556,0.20484931130180314,0.5523834578736535,0.5440797939046256,0.9903605256006731,0.4350766913732863,40,20
healthy::833::vowels::a_n,ok,,0.6029747829853889,0.14782538843972431,0.4302757806144516,0.8530792900114806,-1.450120218833489,1.966946431325232,0.648816322592572,0.24601837855335087,0.6317113406418629,0.5165555754440225,0.9891223932923261,0.2488123365430261,40,20
healthy::834::vowels::a_n,ok,,0.5656928224011293,0.16267204555054282,0.3481579679939355,0.8194945368514922,-1.501486772661233,1.8261206011252582,0.5871877226171728,0.27027158493283293,0.7084674733803538,0.4890993970772538,0.9856164130086857,0.4734655832307956,40,20
healthy::835::vowels::a_n,ok,,0.564947470482848,0.15586944563194075,0.36842689398687195,0.8131374172138481,-1.4782650813772036,1.833293990192279,0.5956561895419568,0.25440165928815994,0.6557770115589867,0.4822346541526782,0.9872974818218023,0.367353403782205,40,20
healthy::836::vowels::a_n,ok,,0.6302045738368395,0.20636389236313202,0.37997848569236203,0.9449549077332361,-1.6304367637286887,2.0600776922836577,0.6685916785840347,0.31655967940968815,0.7870690955429023,0.5105115728445807,0.9805090138239978,0.30486078510882797,40,20
healthy::837::vowels::a_n,ok,,0.40160121994320336,0.07499880235148462,0.3082620973989376,0.5251303941678144,-1.2299343187730425,1.2830671101506368,0.41960079951437174,0.12558328477399416,0.3288510457841527,0.3614857075189126,0.9941254076644839,0.3279000364495784,40,20
healthy::838::vowels::a_n,ok,,0.46799555141353943,0.10983634381363386,0.3282340293670358,0.662835614541182,-1.3365951824743592,1.5205614267219068,0.5007991463358067,0.20126294427179914,0.5623103936909009,0.4121924613320451,0.9923434377672009,0.3434754488242033,40,20
healthy::839::vowels::a_n,ok,,0.42811346018004237,0.13417771192025957,0.2550332226104213,0.6551987078471467,-1.412147812448405,1.4120741849225795,0.460097852121043,0.2355941225434975,0.6374157330512435,0.36081080717192915,0.9901755069757829,0.3877167587767556,40,20
healthy::840::vowels::a_n,ok,,0.5577623384110444,0.15226041878462968,0.38248481371728704,0.8347448054008976,-1.4585845516512437,1.8609279988710108,0.6172462478459443,0.2728166753255567,0.7148326298708092,0.4702852403433695,0.9919439853336781,0.26794149859061905,40,20
healthy::841::vowels::a_n,ok,,0.48861128269496135,0.11556280026569088,0.35068809476909807,0.6931143459467748,-1.3526005914865715,1.5932341498185276,0.5281970648911769,0.20427590450479644,0.5462261154634458,0.4250098213485146,0.9913851025538636,0.2539001191220284,40,20
healthy::842::vowels::a_n,ok,,0.4795047371937149,0.1270681518783202,0.32149038612115055,0.6952226151359471,-1.3887881587240907,1.56734413311861,0.513641692033277,0.2192339507115882,0.588691647385029,0.4098840101179928,0.9911331559164884,0.34202872699207165,40,20
healthy::843::vowels::a_n,ok,,0.49714094247346285,0.1557224602703921,0.3059122882354737,0.7486538545490391,-1.4773145882531866,1.6302303632263866,0.53299016351148,0.2541240791795382,0.6527564240129573,0.41318346232852377,0.9857472807241706,0.3042955398012687,40,20
healthy::852::vowels::a_n,ok,,0.6465720447998887,0.14538281727099567,0.4711754957441254,0.8898559422627879,-1.4443720290742288,2.090167751494316,0.6869471964950854,0.24324829093835476,0.6338625527947475,0.5650647370982622,0.9887912901917529,0.28317932705362836,40,20
healthy::860::vowels::a_n,ok,,0.5341588357049772,0.17577280385776,0.30575257563188146,0.815273859721645,-1.540680077990533,1.7525153098634705,0.5652849532134608,0.2933739734723117,0.7702987006527633,0.44579907544529396,0.9851759783608303,0.4202514339616605,40,20
healthy::861::vowels::a_n,ok,,0.5447056855727052,0.1838940495589561,0.30058719367933123,0.8451976816069681,-1.566279476583555,1.7961275719949275,0.5778744050660123,0.3172408820380494,0.8450496050992893,0.45657606373981485,0.9860785288937722,0.457711385473124,40,20
healthy::862::vowels::a_n,ok,,0.6912019172761528,0.22528994361392704,0.3906119696636495,1.0389622638443947,-1.6944591653800103,2.2432772912490178,0.7191204422725298,0.37035180428513625,0.9655754006703337,0.585725462050972,0.978006894862501,0.4635782254761816,40,20
healthy::865::vowels::a_n,ok,,0.5991135379393109,0.16276732986327933,0.40555883186760877,0.8810870160721763,-1.494835088168483,1.9764722369240573,0.6512917854802911,0.2801144014788298,0.7383055410001154,0.5048660514274408,0.9901823715912996,0.2916214226303723,40,20
healthy::867::vowels::a_n,ok,,0.5569232882141671,0.10042384625684926,0.4345524842187599,0.7400964922748353,-1.3054229924112821,1.7964368039519862,0.5928137038067882,0.18528965338488046,0.5104208494124141,0.5023961973865072,0.9940143739801202,0.3072256886685314,40,20
healthy::941::vowels::a_n,ok,,0.7772069353298566,0.20421273106459628,0.5216084020907858,1.1154796629276045,-1.6253241326182437,2.5330357754624218,0.8258414289515305,0.34476579235421845,0.8985378410100626,0.6677793569986634,0.9854726382043508,0.3683790369901159,40,20
healthy::942::vowels::a_n,ok,,0.48457929647692605,0.15267380912043388,0.2955364747050545,0.7324906933320804,-1.4669402786044068,1.5975143459629209,0.5194194298552544,0.2512774016396897,0.6551641931312981,0.3985256369324438,0.9892463303483154,0.3557882436711515,40,20
healthy::943::vowels::a_n,ok,,0.6278174609160369,0.18172553122792046,0.4057712164667233,0.9261537249770312,-1.5549505902047325,2.063083379571463,0.6727277087814161,0.3001337062435834,0.7703028806401409,0.525590589162581,0.9873511511670504,0.3408863647141762,40,20
healthy::944::vowels::a_n,ok,,0.4483373430582579,0.09888182484427124,0.3178584314962453,0.6072684415540998,-1.304202801319461,1.4364693489309703,0.46520213677017647,0.16741640788805418,0.44768130915220006,0.39869710708670003,0.9927151687435459,0.4556926745162379,40,20
healthy::945::vowels::a_n,ok,,0.7001522527043981,0.21418043943158027,0.43833575378048517,1.0402600978768208,-1.6543815664262547,2.2971888687741515,0.7465512417552638,0.34243143580885577,0.8722431315877062,0.5764026976778813,0.9843501418796484,0.33837533463314806,40,20
healthy::946::vowels::a_n,ok,,0.6200851517701081,0.17582070182279988,0.41882911910894377,0.9295848674440409,-1.5321956759512916,2.061990877580329,0.6839616543285301,0.30223901693131777,0.7888213035216785,0.5138196554804753,0.9896683869906188,0.24079636110688027,40,20
healthy::947::vowels::a_n,ok,,0.5504911185013486,0.1538033665686662,0.3553246830582454,0.7948168744906126,-1.4727997537822957,1.782374224732972,0.5796756796485484,0.25169392046165034,0.645200361401244,0.47339573626412523,0.9852268430602387,0.35902072189820317,40,20
healthy::948::vowels::a_n,ok,,0.5815850875661559,0.17895751554306816,0.36221116192551517,0.8852451486468231,-1.5464434846645119,1.9279325420590139,0.6312589777360615,0.30617462892299585,0.8071767891194126,0.48260108005573643,0.9879575509218235,0.33293857912214697,40,20
healthy::949::vowels::a_n,ok,,0.7006198266123567,0.1582840076643606,0.5140254731831393,0.9771939699624622,-1.4811216447606648,2.2836528690988,0.753861659105952,0.2737616573036197,0.7144805224842283,0.6108865679098878,0.9902676074635159,0.26748021005162276,40,20
healthy::950::vowels::a_n,ok,,0.43667945163550603,0.16864653202373847,0.233396629138345,0.7135015597606024,-1.514739564863165,1.4740663133435976,0.4801029724610951,0.2764241232859549,0.7093513894471943,0.3396649979585393,0.9876146259979698,0.3098616210703808,40,20
healthy::951::vowels::a_n,ok,,0.5907217850986448,0.16307920361149197,0.3833642854236174,0.8652564765864714,-1.4998449909280072,1.933120990069643,0.6303400726089495,0.28235867580919766,0.7536473450409411,0.5055577442133655,0.988865377139837,0.3842102698044908,40,20
healthy::952::vowels::a_n,ok,,0.48296314596528844,0.17597652948198841,0.278813759842988,0.7800462252674197,-1.5325426747498874,1.6396924238638344,0.537948132334729,0.29117002790228974,0.7536080491007331,0.3740363416417084,0.9912418726741079,0.28251502772545434,40,20
healthy::953::vowels::a_n,ok,,0.568447420484085,0.166557388737252,0.3662806533602734,0.8593890691298413,-1.507554253249252,1.8852055651066015,0.6208196221296406,0.29225501178579766,0.7788734615215263,0.4761912578118107,0.989525988872958,0.311351411327813,40,20
healthy::954::vowels::a_n,ok,,0.5911647177519985,0.18081278561025155,0.36515000115888935,0.873660260584472,-1.55413640427319,1.9264375741590325,0.6246551234287117,0.288575060933838,0.7419565356041398,0.49109140583417377,0.9837811026840569,0.3561192702959895,40,20
healthy::955::vowels::a_n,ok,,0.5489071319403069,0.14589626077835285,0.37928324015380965,0.811844097159453,-1.4420507743919067,1.8179630103416775,0.603892949221282,0.2595723584920637,0.6910318918364098,0.4644061707247701,0.9909990915865994,0.25411501044588314,40,20
healthy::956::vowels::a_n,ok,,0.6544048166364759,0.17961744856927725,0.4434061677896952,0.9641729258693694,-1.5454862524639672,2.1613543598274716,0.7126744323803967,0.3057498723452416,0.7978333265984174,0.5485905405207216,0.9890977759829845,0.27705933426944107,40,20
healthy::957::vowels::a_n,ok,,0.654836744895946,0.18392944192883184,0.4172162287356722,0.954422998540099,-1.5655546359616337,2.1299749102941825,0.6914101543981865,0.3112323819983497,0.8198159910017222,0.5626369285986654,0.9849395399722614,0.4036524031879751,40,20
healthy::958::vowels::a_n,ok,,0.39264520810454456,0.12698469056013525,0.24496880521769426,0.6123726475866056,-1.3852886225102925,1.3170001043278086,0.4352426887381706,0.21592128406289907,0.5658448215297684,0.3166292829010565,0.9922447967019432,0.26048247535450236,40,20
healthy::959::vowels::a_n,ok,,0.7166308246535611,0.20562086805361912,0.4595246317516801,1.0487992469244856,-1.6299969402280012,2.3395201546981172,0.7610856893597869,0.33856249746635825,0.8812531452484036,0.6037836163103287,0.9843617451809551,0.3612874180583634,40,20
healthy::960::vowels::a_n,ok,,0.43845385292832323,0.09704039282311658,0.31783955420758925,0.6038036673132262,-1.2965040328446018,1.4195291978707314,0.4649046095355616,0.16806351437172098,0.4543286124222221,0.3846793968184563,0.9938028515828787,0.3525296854635154,40,20
healthy::961::vowels::a_n,ok,,0.5815061115849254,0.18295771901357458,0.3388489361774964,0.8699905253158293,-1.5638481421789932,1.8900628702359963,0.608795293114628,0.30538204277753206,0.8072671227781654,0.49370439165491864,0.9833318140923191,0.43980737276949206,40,20
healthy::962::vowels::a_n,ok,,0.5448254846669854,0.09142055869810964,0.4245521419595653,0.7048209007162105,-1.2806717269485555,1.7388158570088545,0.5683272637427406,0.16813119487093034,0.4715739035391078,0.4999068120300748,0.9938715229725785,0.4109761857054353,40,20
healthy::963::vowels::a_n,ok,,0.556205239726376,0.19091261645888696,0.31980953476865315,0.8734704535300648,-1.5849568007423045,1.8488796432143497,0.6039002015006242,0.32157664842524575,0.842603928534404,0.45255968428562054,0.9842843854987724,0.3297049253546828,40,20
healthy::964::vowels::a_n,ok,,0.44839738142825186,0.14959002236192503,0.2655426400668735,0.7003207751422184,-1.4569820084701008,1.4948076443488783,0.48927040286527906,0.2535267082045467,0.6672902940052596,0.3646783497102468,0.989755334668272,0.3210944629124072,40,20
healthy::965::vowels::a_n,ok,,0.7223099649639895,0.21412119487854817,0.451464372555039,1.0585696575282912,-1.6570285715141562,2.348001247527679,0.7611126587602627,0.345730505071332,0.8948421379431091,0.6068832519819201,0.9811223262390063,0.37334635186275106,40,20
healthy::967::vowels::a_n,ok,,0.7166535705176893,0.20443193313897087,0.4564155221657837,1.0465627007839873,-1.6273806410629938,2.3366628730324472,0.7576863453800688,0.339745850406777,0.8801480816864835,0.6096434982993424,0.9843569445355611,0.3972069511310532,40,20
healthy::968::vowels::a_n,ok,,0.38630506790902486,0.1172519366719006,0.24137069245759346,0.5896944469508337,-1.3584321651951046,1.2800496873628349,0.4208992038447195,0.2062732512159461,0.5573122364154419,0.3228081367940796,0.9919167841774542,0.3251985914327578,40,20
healthy::969::vowels::a_n,ok,,0.4559513164611209,0.1662099145471885,0.24050313836340503,0.7081475540411633,-1.5106033056325936,1.4957850941653703,0.4778370781519522,0.2640999938902285,0.6763590154543975,0.36970411930366864,0.9852438338253515,0.4320081735088234,40,20
healthy::970::vowels::a_n,ok,,0.5491575398257484,0.1546574673980324,0.37025755628078416,0.8131485510174769,-1.468971937897314,1.8170779732747595,0.5995075009424293,0.25846323886222144,0.6703975417970405,0.45506966459940856,0.9907705618341375,0.2580377358703208,40,20
healthy::971::vowels::a_n,ok,,0.4218200725586735,0.11630230724639275,0.2680141591640682,0.6180195273259638,-1.3578083155951957,1.3743057066837583,0.4469363993992633,0.2067297063822105,0.5744637445334324,0.36411483798200106,0.9914726038418635,0.4298565495027781,40,20
healthy::972::vowels::a_n,ok,,0.39766085173642735,0.14848952808238813,0.21355072740715506,0.6570950128815851,-1.4534501723389304,1.350171953679687,0.4417651515457278,0.2636749977237471,0.7039281888474211,0.3192304814015918,0.9897320531141475,0.3443860654840272,40,20
healthy::973::vowels::a_n,ok,,0.4029859092119189,0.10099942950430332,0.27642096804661576,0.5798520704127221,-1.3086410269569415,1.3172316535012412,0.432744139776908,0.18087905814806593,0.4999131048297567,0.3484138139125429,0.9936044852552444,0.35205264683655574,40,20
healthy::974::vowels::a_n,ok,,0.6808055728500294,0.19884782963503436,0.43811981100470965,1.0178379395437296,-1.6069035982990532,2.2479263679770436,0.7363184230920797,0.33891980352947143,0.8842395416764601,0.570709090505911,0.986742404857603,0.3292215944753949,40,20
healthy::975::vowels::a_n,ok,,0.49754007183397225,0.15326652331242244,0.3058574567794507,0.7483857350793853,-1.469869829140891,1.6342309249225768,0.5325524229458468,0.255706344515532,0.6710344651724163,0.4146251038774843,0.987706684447142,0.35026351970968045,40,20
healthy::976::vowels::a_n,ok,,0.5507807184743101,0.17469359397119982,0.32297553290174214,0.8277793549001483,-1.537891589970474,1.7934722689830032,0.5800157506585566,0.29024353998182956,0.7661230343395662,0.46531220938844986,0.9830377928652386,0.4041310636698016,40,20
healthy::977::vowels::a_n,ok,,0.5645819703795532,0.15942543950223245,0.3861255489269585,0.8485811002546843,-1.480528423664364,1.884860556238475,0.6267354368423741,0.27505151560828117,0.7071549144355118,0.46797236812188747,0.9912404493566046,0.22077982543150035,40,20
healthy::978::vowels::a_n,ok,,0.5252233244254569,0.18358505879373174,0.30610277741695213,0.8368505821463585,-1.5591120332633779,1.7663569300528534,0.5797821208512992,0.3097406224008442,0.8077831276170855,0.4184024527569753,0.9879136045535841,0.295265897624032,40,20
healthy::979::vowels::a_n,ok,,0.7918962974684387,0.15886280174327977,0.599822783343366,1.0724895812157766,-1.4834007959002111,2.5636596262502906,0.8440310840277363,0.28161860652502646,0.7582741791145029,0.7026499071381929,0.9903508071575926,0.3108065243334404,40,20
healthy::980::vowels::a_n,ok,,0.46348046479981014,0.14804399744018562,0.27448676610093387,0.7142946571575534,-1.4547442744987156,1.5305833764820327,0.49999803438982476,0.2587587232760621,0.6954558073295347,0.3886315211178387,0.9880137983013648,0.36433551892284416,40,20
healthy::981::vowels::a_n,ok,,0.6331206809271273,0.2118363198806023,0.3577774603554875,0.9466777859946772,-1.6503638808074814,2.0544254459337665,0.6558994029314149,0.33004916545848395,0.8327896971234674,0.5231957012423426,0.9804325298962169,0.44807249333850185,40,20
healthy::982::vowels::a_n,ok,,0.42167546694266866,0.12457564692401972,0.2732484477200366,0.6424770837151631,-1.378544233268388,1.4042460424367016,0.4644474916466915,0.22007436049740337,0.5919145055473698,0.3503374020627983,0.992605181758032,0.286781614102115,40,20
healthy::983::vowels::a_n,ok,,0.38689478369251623,0.1634481975101578,0.18992181846021777,0.6572272369116419,-1.498983570549684,1.3217916939178946,0.4301971775605134,0.26993595293283473,0.6952852206794167,0.29354493371279156,0.9877933166771539,0.3052203063844202,40,20
healthy::984::vowels::a_n,ok,,0.7275621359679564,0.24000314738350526,0.4296121345233307,1.0990882763939829,-1.7348754308034142,2.385212468281507,0.7710963598051437,0.3780997178956119,0.9535478026061903,0.5935551492988176,0.9791793452869799,0.3570887273048484,40,20
healthy::985::vowels::a_n,ok,,0.5288541513209992,0.18515884980965663,0.2916301492600846,0.8326965940944455,-1.5688123663792257,1.7551613226614844,0.5680028404351899,0.3139688786413819,0.82375030206097,0.4346528990076115,0.9850530795057901,0.3949708670195117,40,20
healthy::986::vowels::a_n,ok,,0.5729748784038422,0.13056770380007246,0.41847728277604335,0.7978100283218471,-1.3976966238852406,1.8629892710461928,0.6145483497283785,0.222898326634816,0.5886813233610999,0.49727259977966953,0.9905600445322718,0.2701674122222185,40,20
healthy::987::vowels::a_n,ok,,0.5792637363507998,0.1459298023804816,0.3999779074652524,0.821294789199339,-1.4461748524823324,1.8845180205636392,0.6163321337836581,0.24417534849245898,0.6365364342120534,0.49824826768332187,0.9896282610953131,0.33475367485884433,40,20
healthy::988::vowels::a_n,ok,,0.7198175682168289,0.18843743890812245,0.47671876981510375,1.0330633003462792,-1.578681848621704,2.340422618451552,0.7610282344387166,0.32482265043493613,0.8578272961852873,0.6248957488860336,0.9863801543925246,0.4096006051792474,40,20
healthy::989::vowels::a_n,ok,,0.7326599970561388,0.17834651706589452,0.5042044274857691,1.0199382287304806,-1.5477236214323322,2.3616987222031445,0.7674479018121214,0.29709325763763156,0.7836545809996389,0.6387450796811236,0.9856753391992614,0.3969809151334935,40,20
healthy::990::vowels::a_n,ok,,0.5901420934111566,0.15696997023878526,0.39242529033604096,0.8534733270991529,-1.481146975914886,1.9249582193249979,0.6288857243392841,0.26941525590858606,0.7136512516320388,0.5077246117765593,0.9885067856003183,0.3622906004617519,40,20
healthy::991::vowels::a_n,ok,,0.5585079973987297,0.12298716507346197,0.4153626454164666,0.7889382895734357,-1.3710555017326955,1.8331339883109914,0.6097584210151049,0.22907896275620906,0.620286233975023,0.4892570669042279,0.9931240025713282,0.26226011627121726,40,20
healthy::992::vowels::a_n,ok,,0.8539022390235855,0.2364696331632046,0.5284074384130871,1.2153800537232735,-1.7301380041784857,2.736351540391953,0.8751335393352327,0.3934784240047163,1.033397237212597,0.7500453142904464,0.9779577389767221,0.5403075694494595,40,20
healthy::993::vowels::a_n,ok,,0.6108441900738651,0.18799705529531344,0.36242826263570765,0.9091177904378567,-1.5787826333249364,1.9888930370805922,0.6403908210459359,0.3147755717903549,0.8377441917643376,0.517221924303203,0.9845155894382127,0.45219113783351206,40,20
healthy::994::vowels::a_n,ok,,0.640840353716649,0.12375116916679825,0.5009625079830509,0.8720161205141728,-1.3722240259902232,2.0886188996793718,0.6947070272014513,0.22674080838555932,0.6136407568920985,0.5671921118679559,0.9935860136208783,0.22906634231412373,40,20
healthy::995::vowels::a_n,ok,,0.607383787885867,0.1466542503072993,0.4177399184814999,0.8527276511771456,-1.450750162524479,1.963034133960336,0.640268762873939,0.25497112460180993,0.6898135811038903,0.5330204951114405,0.9884131575299053,0.3953221026670332,40,20
healthy::996::vowels::a_n,ok,,0.6458744094720007,0.21239249194387047,0.3550851718357634,0.9416534830177073,-1.652360363006786,2.0572312873877943,0.6488371412111208,0.32698964507444955,0.8262235463145919,0.7462718503689938,0.9799386807479592,1.4733460652914259,40,20
healthy::997::vowels::a_n,ok,,0.7830400161561204,0.16859078973879507,0.5640254160849799,1.0613173461837904,-1.5180789026035897,2.5146209539793207,0.8180055493487213,0.2898647866351504,0.7748201503025429,0.6975697662417213,0.9876997467389022,0.41891865457364574,40,20
healthy::998::vowels::a_n,ok,,0.5353033983812814,0.18174010031050003,0.302889524102172,0.8129559630444815,-1.5577825972690647,1.7490298526338905,0.5621404701959628,0.2881195996669615,0.7386617009624006,0.43829379454622086,0.9832864333238986,0.40341379665726135,40,20
healthy::999::vowels::a_n,ok,,0.5270493494387049,0.19832178978544043,0.2905001229277423,0.8464079848038341,-1.6045785475968966,1.7677205028797107,0.5761335243317778,0.3171624862127942,0.812738921860038,0.40761817503649145,0.985218635908627,0.29364433244436516,40,20
healthy::1000::vowels::a_n,ok,,0.7008628501298758,0.1956572302555208,0.4425112217042138,1.0119853634553113,-1.6029299845835971,2.2649554850480995,0.7319948292959964,0.32811082475541303,0.8615103013404237,0.6077698558143673,0.9821696637691724,0.43956076570837976,40,20
healthy::1002::vowels::a_n,ok,,0.6778689738120308,0.22483226207108953,0.3814950070474437,1.0152488463309486,-1.6918894344979123,2.1963702762091346,0.7020715845174181,0.3577960222309074,0.9102624313432188,0.7588562214379371,0.9770269037054073,1.0942042308889084,40,20
healthy::1003::vowels::a_n,ok,,0.52750645297174,0.1828766538585763,0.30376795011573215,0.8122086151116931,-1.5590188366006272,1.7400602678950312,0.5637316345929585,0.28719408635814386,0.7275833626612194,0.42166723748091905,0.9848324933535875,0.329920381391232,40,20
healthy::1004::vowels::a_n,ok,,0.7788294861205081,0.20082402918128078,0.5135624740235046,1.0949739599835369,-1.6186503101753136,2.5019985242432794,0.8090061171911185,0.3338666762486433,0.8814834206546429,0.6812993788729793,0.9815960530246749,0.4401374967535675,40,20
healthy::1005::vowels::a_n,ok,,0.7452855513040286,0.25049832109619274,0.4279729293654278,1.1226099399229748,-1.7680400886501917,2.427161340271118,0.7807407822201933,0.38990232851136536,0.9832569723762541,0.6098693160535784,0.9748373754703975,0.38460700022254235,40,20
healthy::1006::vowels::a_n,ok,,0.5684571428270813,0.12380289044412486,0.41879653687088364,0.7764028401277815,-1.3776404904672552,1.8390975431097105,0.6029253114437465,0.20800674342151312,0.5418765488375081,0.49808409017852173,0.9918239959417973,0.31189366528731516,40,20
healthy::1007::vowels::a_n,ok,,0.6736011108982283,0.24592994795066633,0.35965116170467154,1.0544735770140679,-1.7553311802753815,2.222218178002286,0.7131505117943326,0.39407874555515426,0.9948403132655366,0.5469963808938058,0.9787285108453017,0.404753389388732,40,20
healthy::1008::vowels::a_n,ok,,0.6757379666941823,0.17944930426693853,0.44339550640189007,0.9635245056083068,-1.5513728650064835,2.1880174155137917,0.7084536392939572,0.29954151199965806,0.7889764810514324,0.5824876417256659,0.986265414386063,0.4252512849283832,40,20
healthy::1009::vowels::a_n,ok,,0.5881544440706957,0.24722347637752445,0.3062701932987888,0.9953992821985654,-1.7480847753850892,2.023854884350435,0.6624158500263674,0.39514041744236844,0.9959530746544387,0.4304505330998021,0.986281136979249,0.25215198532350724,40,20
healthy::1010::vowels::a_n,ok,,0.47263900412511906,0.13574134854434175,0.3098149817307366,0.7201593908072811,-1.4123116408298229,1.5745006135513262,0.5224713800991504,0.24845843871209833,0.6754438146169672,0.3976506991111257,0.9915555250043119,0.29010914801457705,40,20
healthy::1011::vowels::a_n,ok,,0.6553449615678353,0.2184229219540771,0.3821832974779424,1.0079682739069828,-1.6692187452690934,2.167172620001857,0.7021354477136705,0.3594033528361043,0.9184698210564255,0.538112128319691,0.9836094265397443,0.3714890661879793,40,20
healthy::1012::vowels::a_n,ok,,0.4668854241685884,0.13846917441457823,0.30941975703521474,0.7013094129249198,-1.4189379380924614,1.5532253580835471,0.5123628011290846,0.22747133538322906,0.5760107972143831,0.38099394947435306,0.9920882033438363,0.24199732661021822,40,20
healthy::1013::vowels::a_n,ok,,0.45051629244168606,0.1666287581072889,0.24888888267621717,0.7394709782239194,-1.5085534161522982,1.5251561456961498,0.5021214128611511,0.28975933656135133,0.772356212075044,0.35742404783949944,0.9881839469441314,0.29578837861235535,40,20
healthy::1014::vowels::a_n,ok,,0.6124484482542798,0.20921105217130284,0.35814531427139107,0.9540685515512103,-1.638700932942498,2.039481336535194,0.6639786958022181,0.34258515184321087,0.8791593346546582,0.4921825543844265,0.9855320260410396,0.3296128034821432,40,20
healthy::1015::vowels::a_n,ok,,0.48904373351790975,0.13150217324681238,0.33034717773666616,0.7192182060585369,-1.401119816026918,1.6083314427666895,0.5314437093648545,0.23079387131827156,0.6229648607338891,0.41529356492993796,0.9909115354759603,0.28683381334700575,40,20
healthy::1016::vowels::a_n,ok,,0.7275786101143018,0.2225637522339562,0.43449116927891024,1.068115887177009,-1.6851725278351164,2.35356045428079,0.7555475286277946,0.3598274615122823,0.9235945959505054,0.6190091144641418,0.9786766241517588,0.45423859263247124,40,20
healthy::1017::vowels::a_n,ok,,0.640065841780307,0.10958370234732208,0.5092126521455844,0.842942056836176,-1.332132307122667,2.064356423150216,0.6825838389868177,0.2037738600142431,0.5671261901998284,0.5782822975415814,0.9937482501261705,0.2863568137680191,40,20
healthy::1018::vowels::a_n,ok,,0.6017229704645125,0.21968469338883784,0.34014240890615766,0.9553289670083309,-1.6696342607987185,2.0129447102675257,0.6562698799823983,0.35078122232753883,0.8910653719896215,0.47029279430326143,0.9839383614107029,0.2922472065483164,40,20
healthy::1019::vowels::a_n,ok,,0.5159896993030849,0.14429232833295796,0.3430338753427821,0.7579114733722035,-1.4399652541493562,1.6955935951347183,0.5568837759542948,0.24092054069464588,0.6295460825006902,0.43216342101871064,0.9902618398022859,0.29421438181694676,40,20
healthy::1020::vowels::a_n,ok,,0.7227041767938639,0.1722204504796113,0.5005507382671537,1.0030600845737592,-1.52916654266367,2.3295120270564307,0.7572480330027584,0.2909128884987985,0.7682049802301227,0.6345888447527812,0.987244956468213,0.4038266958941863,40,20
healthy::1021::vowels::a_n,ok,,0.645183182611931,0.19231485493341188,0.40048009122146283,0.9450959657193839,-1.590145872650494,2.0964370188010846,0.6777802418041573,0.30961552732481107,0.8021867539636625,0.5411945826173616,0.9829091535400672,0.39444666958098107,40,20
healthy::1022::vowels::a_n,ok,,0.5972986667607458,0.13986608115206609,0.4375042054247683,0.8302251427767238,-1.424419871593127,1.9439649348352475,0.6408180112648538,0.22637947825313884,0.5754934956717022,0.5106228032538933,0.9908025634756786,0.22700004479055413,40,20
healthy::1023::vowels::a_n,ok,,0.551208425972578,0.19465086194694575,0.31089967295632026,0.8632315150012073,-1.5956909297434865,1.8303291179709822,0.5935564891102614,0.315751019695354,0.8101052142694503,0.44143179302296653,0.9847752449098434,0.3447729574099922,40,20
healthy::1024::vowels::a_n,ok,,0.5594514121004941,0.10703258257766415,0.43052748457792495,0.7396016568946358,-1.3262051617212105,1.799117976647645,0.5898568404575795,0.17994472108761983,0.4757998734268196,0.4971561027091056,0.9932272849357056,0.3068129261789594,40,20
healthy::1025::vowels::a_n,ok,,0.6878279603458137,0.21123425047232774,0.4354229200821154,1.0407598557636415,-1.6438022227711617,2.277374554048343,0.7471710093577834,0.35085574930737046,0.9136970365118522,0.563318964723796,0.9852998668237297,0.2964531257077281,40,20
healthy::1026::vowels::a_n,ok,,0.7840086226475489,0.2552241373780356,0.471340388145371,1.2038596858630275,-1.7795682555553405,2.6018705999862997,0.8469110938383823,0.42277026194058537,1.08714925556996,0.6393765093709749,0.982513203650313,0.34694150675485264,40,20
healthy::1027::vowels::a_n,ok,,0.6408368736955155,0.21282071660148377,0.3977654768362057,0.9945856838209665,-1.6450879613434406,2.1459137083145086,0.7061249510085809,0.34356622398446596,0.8636342086729112,0.5075497982366133,0.9864565183898384,0.24456418858070864,40,20
healthy::1028::vowels::a_n,ok,,0.4884129424854183,0.12537557587264075,0.33225173918883266,0.7018374217242571,-1.3836571660963415,1.5933432876238547,0.5222996527530857,0.21712248783464425,0.5837267924884904,0.42027572785973333,0.9912667379501711,0.3429173815817208,40,20
healthy::1029::vowels::a_n,ok,,0.4694997503024087,0.1356736910358032,0.2835538357069629,0.685959427718143,-1.418732459033912,1.5190506813023432,0.48760813558825333,0.23381874609056644,0.6359278002304922,0.4066361301343673,0.9891803307882827,0.5130126706680809,40,20
healthy::1030::vowels::a_n,ok,,0.632642475427778,0.20301382121539743,0.3790257549162208,0.9573562577848865,-1.6224647330812279,2.0774468017167345,0.674652481369778,0.33099203281864054,0.8527511950051152,0.5224283505122091,0.9826524381553076,0.3534696443355478,40,20
healthy::1031::vowels::a_n,ok,,0.5866845446838879,0.22633201633382857,0.30791094757394405,0.9399855176633459,-1.6920072368785992,1.9572204390409298,0.6309030779705973,0.35759163429565743,0.9072914543174715,0.45660154276754583,0.9826543470497968,0.35096831567351994,40,20
healthy::1032::vowels::a_n,ok,,0.5635039959953434,0.17555329463241878,0.3368711258671097,0.8533676903306838,-1.5395066328934237,1.8512463579449518,0.600860363933848,0.30086690732213756,0.8017722139862178,0.47466404443576926,0.9864401405097661,0.4008434004102712,40,20
healthy::1033::vowels::a_n,ok,,0.8403832318107016,0.24435359529665684,0.5177862066959603,1.210954102938922,-1.7522595128705316,2.702149188319093,0.8685673377486836,0.3928631592142987,1.0092787213452894,0.9292787718634863,0.9765133371537896,1.063777689138194,40,20
healthy::1034::vowels::a_n,ok,,0.7343833776358786,0.19736921667767487,0.4707897135661972,1.0534657967336283,-1.6090581400416917,2.367528795513694,0.7671924757185404,0.3387518548208231,0.8980164958954573,0.7906364778827824,0.9826878203471285,0.8697383981558405,40,20
healthy::1035::vowels::a_n,ok,,0.7449392974603558,0.16365500957887041,0.5417435208123645,1.0193428697019271,-1.5011330264513467,2.4034701777775394,0.7870180615669666,0.27852167441888714,0.7367516465209274,0.6559335484191617,0.98773681267121,0.3377711817857258,40,20
healthy::1036::vowels::a_n,ok,,0.6331658693144389,0.22368866020014225,0.35038001339185554,0.9858949946200661,-1.6864805625162922,2.089176550696378,0.6745186376512742,0.36235113601969265,0.932008726629693,0.5137268918929891,0.9804776299399008,0.37612788719737544,40,20
healthy::1059::vowels::a_n,ok,,0.4742670231852988,0.16009637379508437,0.2915733288659678,0.7513768918169768,-1.484751857955278,1.6008569389746024,0.5299933951838628,0.26981593061820924,0.6949198245086792,0.37675484717486707,0.9902680954830541,0.23819472476761966,40,20
healthy::1060::vowels::a_n,ok,,0.6141933422517514,0.15173924704167874,0.4222091897909759,0.8595057328824538,-1.4655453206178,1.98423823412863,0.6458202559996082,0.2517508889863727,0.6576922574521169,0.5333791110048478,0.9882830541902516,0.37425720085455294,40,20
healthy::1061::vowels::a_n,ok,,0.5776173115680605,0.19237384607815777,0.3402502606097873,0.8768937958749161,-1.5881327731187473,1.899042149573854,0.614428490272346,0.3034942142369978,0.7780783195274501,0.4664387477588845,0.98480852399656,0.3532245474625116,40,20
healthy::1062::vowels::a_n,ok,,0.6679096276926855,0.18966926773639536,0.4215950086711479,0.9675629898206539,-1.583344911011523,2.1633038163278484,0.6995377624038481,0.3128717362363707,0.8198694540987881,0.571326792240513,0.9837553361230454,0.4178586473617052,40,20
healthy::1063::vowels::a_n,ok,,0.481135287748257,0.16783667722302598,0.2658646767096362,0.7518868923680636,-1.5157946617036064,1.5891807673349616,0.5140149391028298,0.2802643599360258,0.7392859455359351,0.3943665862442153,0.985838986530033,0.3884919145995227,40,20
healthy::1064::vowels::a_n,ok,,0.5998259257774927,0.2006294950097874,0.33215390777780807,0.8991393671319071,-1.617899908584765,1.9357387678821234,0.6185750699809492,0.32065523346446856,0.8197409293816214,0.6784196246557431,0.9817665969678109,1.0949463005810691,40,20
healthy::1065::vowels::a_n,ok,,0.6036613660513018,0.1225837591816278,0.43602981427406845,0.811987525653999,-1.3779427194899552,1.9315404016740407,0.6276153253223791,0.22389636949770025,0.6240399040903535,0.5478218969784906,0.9911076021750789,0.48245470329924994,40,20
healthy::1066::vowels::a_n,ok,,0.5721976303859606,0.11126404896072553,0.4197182064792935,0.7625917592805732,-1.3431892128004896,1.82709098946708,0.5946992416632695,0.2050301031507973,0.5768236024157156,0.5228076600755552,0.9917668477536099,0.46824163206449665,40,20
healthy::1067::vowels::a_n,ok,,0.6409927253585089,0.14622155356801825,0.46636974906149087,0.8769241120558887,-1.445704947229785,2.070729778708556,0.677442076399109,0.2344855828170342,0.6022134258817573,0.5534409546338479,0.9895939188477575,0.2958548473363011,40,20
healthy::1068::vowels::a_n,ok,,0.5413562683716867,0.09025662131678011,0.4225218685642523,0.7021848389610013,-1.2772227715151772,1.7276598986010725,0.5663303259740922,0.16942179417274272,0.48221052304606316,0.4981304123606728,0.9936713123256427,0.39035233932677804,40,20
healthy::1069::vowels::a_n,ok,,0.4949254553468768,0.1660578165942479,0.27355705846615075,0.7450140309366694,-1.5113534922481304,1.6047260496701647,0.5119775818427243,0.26711651393245756,0.6913496860824697,0.4154718620191462,0.9835205277091517,0.478576322713407,40,20
healthy::1070::vowels::a_n,ok,,0.6186852538345496,0.18926023661846442,0.3799705211485348,0.9215709534599361,-1.580759540928548,2.022711632431348,0.6566454250660876,0.310504298944568,0.8060429172913048,0.5176600142043943,0.9838926316067708,0.36825610682360793,40,20
healthy::1071::vowels::a_n,ok,,0.5372409994603216,0.1809771690339105,0.3232288723313798,0.8400678599515763,-1.5506822423537412,1.7975876655727128,0.5897759232125213,0.2994455412012224,0.7730225610505923,0.42999547466355004,0.988214208829886,0.28527982964353144,40,20
healthy::1072::vowels::a_n,ok,,0.5458650458042896,0.19495557711420777,0.3042682837504004,0.8470260610393745,-1.596672323009616,1.800987955752742,0.5813824997919685,0.3062339507412725,0.7748920815924363,0.43615999022751606,0.9839572675128785,0.35053037681727417,40,20
healthy::1073::vowels::a_n,ok,,0.5320236074245243,0.14220897347413708,0.37079789307490774,0.7865382275227629,-1.4296311068331868,1.765319616021478,0.5869726806976482,0.2480761385253049,0.6496910138516054,0.4461717917689637,0.9915654871228252,0.22987360422922493,40,20
healthy::1074::vowels::a_n,ok,,0.600161602033401,0.1910291156546078,0.3449052749940985,0.8984962456083626,-1.5892866169514053,1.9454382519221276,0.6255765682156418,0.3177746770589331,0.8286143099532377,0.6639343519395422,0.9827447063151225,0.9703310480869154,40,20
healthy::1075::vowels::a_n,ok,,0.6040372363368662,0.19663522633290095,0.3675616936213903,0.9170103239268755,-1.5998831984117787,1.9933399919565085,0.6494480212991676,0.3123083698847434,0.7973849128740458,0.4868921946650544,0.9852270554058018,0.30769073730902563,40,20
healthy::1076::vowels::a_n,ok,,0.6094184459208388,0.20893024871702642,0.36166664516484226,0.9550023169977607,-1.636049210324154,2.03884875864385,0.6671655941108452,0.3419996710294205,0.8734198838530358,0.48530826704918983,0.9862467128509,0.2931178095807072,40,20
healthy::1077::vowels::a_n,ok,,0.8065244006406036,0.23603497676337884,0.5026707152398294,1.1700008810510518,-1.7251088307929312,2.610290727294351,0.8417397715299846,0.3783196640419947,0.9710811234390562,0.6832894886242046,0.9784377217961149,0.41589626217417697,40,20
healthy::1078::vowels::a_n,ok,,0.7159230560307944,0.2167438859789122,0.435706864946113,1.0508367891730477,-1.6656781438376413,2.3256032314691026,0.7484294079286997,0.34940852344908974,0.9041778719835669,0.6019974508555666,0.9824463971375257,0.43175388180267144,40,20
healthy::1079::vowels::a_n,ok,,0.6717372510345231,0.19326636984440518,0.4179909470460283,0.9791567409411784,-1.5949890905144608,2.176903576291832,0.7035509865730681,0.3230593212710207,0.8563820524438759,0.5755674927635275,0.9833213761413505,0.43149931480010023,40,20
healthy::1080::vowels::a_n,ok,,0.5102020138464237,0.13074936617106353,0.35361701258391065,0.7359725938479392,-1.3983857319630812,1.6719079977486522,0.5511499574667862,0.2251304557233332,0.5982681213942267,0.43529249781460955,0.9912906595566295,0.28808936990875156,40,20
healthy::1081::vowels::a_n,ok,,0.5279936663636834,0.15302845580739455,0.32894149101749104,0.7761466673536289,-1.470960426120181,1.717113991948999,0.5570307002320497,0.25899044214384703,0.6869461696590067,0.4519432774823593,0.9867533245597465,0.4062936912381304,40,20
healthy::1082::vowels::a_n,ok,,0.6249115877852793,0.169602779794759,0.41812448914094025,0.9113270686836591,-1.5180466601015965,2.0480832984563153,0.6719654566297726,0.2879321831051971,0.7606386166535142,0.5294731465082473,0.9880281965416176,0.3175707022737079,40,20
healthy::1091::vowels::a_n,ok,,0.5600381521739057,0.16851982223773732,0.3525261403455923,0.8397497923248203,-1.5156297438761066,1.8435097392647433,0.6027032495755064,0.28264662229879844,0.7409523702169123,0.4669584258367827,0.987147664243136,0.33079848151180996,40,20
healthy::1092::vowels::a_n,ok,,0.55794351908021,0.18331210215848986,0.3212521670919658,0.8532225601890558,-1.5637918185604909,1.8317037409749886,0.5924913070320146,0.3068416520920294,0.8055248520613278,0.4652571424916958,0.9840102779418988,0.4014808517220177,40,20
healthy::1093::vowels::a_n,ok,,0.5510367506244604,0.16679143081274125,0.3341143429207315,0.8135095646797771,-1.513159476282856,1.7901295820846728,0.5780988684177848,0.27444526631517635,0.7172944863770341,0.4673552567466399,0.9852294630386677,0.4165156486818696,40,20
healthy::1094::vowels::a_n,ok,,0.43805809190675926,0.10742337502828854,0.2987388803187113,0.6200155834497254,-1.3300960266167887,1.4189191663767267,0.46336517288410295,0.1894777516241286,0.5192687277781518,0.38399871048960255,0.9920411866455279,0.3925904294719285,40,20
healthy::1095::vowels::a_n,ok,,0.6214030328819409,0.2711902095198553,0.28948760309278704,1.0505488873493551,-1.8289330681164266,2.113710439754444,0.6786674536223243,0.43242526304666207,1.0756086959012894,0.46865215408444705,0.9798542539510586,0.34770941865727256,40,20
healthy::1096::vowels::a_n,ok,,0.6020657874406574,0.13146782823910105,0.41767656935683095,0.8114809037292438,-1.4064643262803358,1.9146251483172578,0.6169802098252866,0.22996402783052047,0.6352375261728351,0.5453870686126341,0.9887173986570497,0.5424034898428549,40,20
healthy::1097::vowels::a_n,ok,,0.6114910099851677,0.1454618042339147,0.40984357216327627,0.8517539303361432,-1.4491106921327037,1.9639845771098883,0.6344748679251698,0.26073446465053846,0.7192685635826233,0.5473238301956864,0.989692202574054,0.5120920676527402,40,20
healthy::1098::vowels::a_n,ok,,0.6155008997907455,0.14205815141900596,0.438582749856394,0.858328839315006,-1.4349881320935396,1.9937013527019483,0.654666019512906,0.2472009524279666,0.6694364193640032,0.5387576481162026,0.9896651758520106,0.32956509908605436,40,20
healthy::1099::vowels::a_n,ok,,0.5670625428256783,0.15855255883969469,0.3743584041722069,0.8396340227879149,-1.4839209359876329,1.867391850197617,0.6142547686240016,0.27374672775115455,0.726954469744415,0.47853518537537165,0.9892074834951288,0.3089233661506426,40,20
healthy::1100::vowels::a_n,ok,,0.6618089014114819,0.1396277119912261,0.4865792647673759,0.8955722208084034,-1.4277824093547706,2.130647164566808,0.6963633482408157,0.2385521291333968,0.6283349150947597,0.5874143737631137,0.9901362945174353,0.35938297028998434,40,20
healthy::1101::vowels::a_n,ok,,0.6812081177116192,0.0952403561152434,0.5789343363060518,0.8611986267371384,-1.284472216809396,2.1917316031696106,0.7271444127668788,0.1733295683808578,0.4654170845101948,0.6211483912635939,0.995404989461675,0.1781435991154763,40,20
healthy::1102::vowels::a_n,ok,,0.5966164969424733,0.12806776815004328,0.4348022440969035,0.8180451107712016,-1.3922455897881523,1.9268805342196837,0.631975661226979,0.22720127522336428,0.6196671239048994,0.5295002653929103,0.9914189637516415,0.3545453194114524,40,20
healthy::1103::vowels::a_n,ok,,0.5556178207198681,0.12825897330881722,0.3994449324207895,0.7725157823231423,-1.3919507558724635,1.8017368107074365,0.5915615439925446,0.21788242340057665,0.5705040617284736,0.4848500197514857,0.990753804781147,0.3076430501519134,40,20
healthy::1104::vowels::a_n,ok,,0.5574820064898008,0.16321641898081513,0.3497907566183437,0.8221204115434279,-1.5008550547821489,1.8211102753848416,0.5912632437107783,0.2725013134100431,0.7168716544175489,0.4712379333904104,0.9877913067122007,0.3868329974668677,40,20
healthy::1105::vowels::a_n,ok,,0.6804908057990547,0.14170413235420906,0.508462931450197,0.923114704274852,-1.4327978424473904,2.1974449172021315,0.7221092440428951,0.24340460475146147,0.6384546132812865,0.6019903821823825,0.9898033120426435,0.30425617722459636,40,20
healthy::1106::vowels::a_n,ok,,0.5793734983017609,0.18451126770315548,0.3584486832691326,0.8893416115399687,-1.5620603323672881,1.927920762690724,0.6319411094630765,0.3084466655002028,0.7990316203237406,0.4722672207952987,0.9881662354753588,0.30376493045408864,40,20
healthy::1107::vowels::a_n,ok,,0.4565661063945033,0.18403566045315,0.23553217798946427,0.7642864107129357,-1.5614456730834347,1.5542846682279563,0.5077300085823732,0.30669603232984344,0.7953798131416376,0.35026333333942317,0.9869011858086063,0.2994231062314451,40,20
healthy::1108::vowels::a_n,ok,,0.6900363327995073,0.23347863669676905,0.3816522584285892,1.0459117691636268,-1.71890555860159,2.2452413683918784,0.7179676482224615,0.3770645376060353,0.9691519256860048,0.5773550907465486,0.9766862151129799,0.4605794773510478,40,20
healthy::1109::vowels::a_n,ok,,0.5044796372768421,0.13788590532438266,0.34639364046297105,0.760170593816418,-1.4154988208486106,1.6845831784008467,0.5619785278721341,0.25194399408094137,0.6786378512867337,0.4239397348393118,0.9927994168394683,0.24620796354512875,40,20
healthy::1110::vowels::a_n,ok,,0.5062529753940603,0.12927607447980455,0.3374256944231063,0.7215122288942337,-1.3978691590141554,1.6379953788441217,0.5338807426622456,0.2251385563319873,0.6118487385413491,0.44275776859264926,0.9895409406906408,0.3978784510474218,40,20
healthy::1111::vowels::a_n,ok,,0.665875573926102,0.26699713937456976,0.33960518671723805,1.1044296904487259,-1.816561354026955,2.2552541561714023,0.7318351084466016,0.4410787949649239,1.1176665450891123,0.5198472945547283,0.9795172834108036,0.3292674930413203,40,20
healthy::1112::vowels::a_n,ok,,0.6934036908480852,0.1672177684030096,0.4859490948646651,0.973559803269157,-1.5111795177643228,2.252609529686042,0.7362885207562979,0.28417124932413224,0.7510746598345515,0.6007663177350343,0.9889740542363403,0.3547777716128267,40,20
healthy::1121::vowels::a_n,ok,,0.33201389337979714,0.064998425931447,0.2571598899645547,0.44265215893320703,-1.1978266233585761,1.0700394876953925,0.3533809257574108,0.10820887563784516,0.28120401927487326,0.2939733497275574,0.9951981549880029,0.22795793001412826,40,20
healthy::1122::vowels::a_n,ok,,0.5949640262359,0.18729717437206236,0.3651380922906605,0.8833681480255258,-1.572211151958368,1.9438244789982158,0.629941173486024,0.2916771793076784,0.7425169210497318,0.48509381085765324,0.9850750161260496,0.3379001698599658,40,20
healthy::1123::vowels::a_n,ok,,0.5172131777707104,0.11709449674208357,0.3748361734150708,0.7118747731704046,-1.3579841282228722,1.6717413653497313,0.548239737367378,0.19534320564233054,0.5093694739419878,0.4514808367148231,0.9911874628833305,0.3037543536667128,40,20
healthy::1124::vowels::a_n,ok,,0.5571899758170652,0.15558553270223172,0.3584655424723335,0.803402435049549,-1.4779363913750032,1.8057061705863937,0.5852849237084706,0.25447157127531767,0.6597594370886997,0.4760931292250865,0.9864791568002179,0.3915745048040416,40,20
healthy::1125::vowels::a_n,ok,,0.6860065424612617,0.22154253918437247,0.3998904443176747,1.031515816556092,-1.6810166930129689,2.239694214311957,0.7211135072052166,0.35982327912568346,0.9257305722230655,0.5725990263292362,0.9807326797850139,0.41853669422570094,40,20
healthy::1126::vowels::a_n,ok,,0.6055557478376905,0.2289146318023239,0.32266378532286255,0.9808830510382649,-1.700356663139288,2.0357557595976026,0.6599370367144047,0.37979495069431296,0.9735097428518706,0.48022063372309176,0.9834782875793269,0.3507397389808985,40,20
healthy::1127::vowels::a_n,ok,,0.355886154858634,0.11719495074741289,0.225262237851033,0.5560549534470011,-1.3528499565946785,1.2012324331855604,0.39706391724054946,0.19265623119314063,0.489781401674116,0.2810609727855561,0.9944484935972231,0.22951682621544148,40,20
healthy::1128::vowels::a_n,ok,,0.43965145237157105,0.13205409008550997,0.2706496875780156,0.6546226701146372,-1.4053542046450176,1.4391871725123468,0.4669431193765464,0.22206894586916595,0.5884632563956553,0.37017565726001866,0.9903831776301464,0.3945599848339427,40,20
healthy::1129::vowels::a_n,ok,,0.5831959705448051,0.1300999788747537,0.4317835231771655,0.7934459707210528,-1.3956371114666672,1.8847811119238582,0.6182330142298649,0.20609375669699995,0.5195477101130019,0.5031856725860777,0.9908997310923502,0.2538154704433059,40,20
healthy::1130::vowels::a_n,ok,,0.5271703824779017,0.07967626510952744,0.438694676760066,0.675518993282794,-1.2401375010303661,1.6950882635584106,0.5628217367319438,0.1445461469970862,0.39311635525022925,0.47861326295127293,0.995327538258621,0.1851246703741424,40,20
healthy::1131::vowels::a_n,ok,,0.37653224590039935,0.12359074839422725,0.2209159800783762,0.5839117020360164,-1.3790062884097452,1.2466905072095016,0.40720260602938013,0.21231636692955985,0.5725815209510103,0.3103215423104442,0.9903181776151576,0.3513465217395873,40,20
healthy::1132::vowels::a_n,ok,,0.46083895496652894,0.1173777534136565,0.31920014091517307,0.6680615282880721,-1.3580101276201273,1.5111411888301913,0.4996258277953715,0.2078569712554815,0.5565593970331464,0.3963668311126891,0.9917876816143781,0.28493992710339083,40,20
healthy::1133::vowels::a_n,ok,,0.29038832400248576,0.12254958975546372,0.13692124777268266,0.4952970237511943,-1.3755907500076894,0.9891208270315013,0.32086724774338665,0.20900610143857928,0.5553340120958317,0.22486470230602795,0.9908179897139054,0.3477325160184904,40,20
healthy::1134::vowels::a_n,ok,,0.45576683184271244,0.12144549969167356,0.30385272844522204,0.6588201060069493,-1.3720533557155652,1.4867558108949885,0.4860054489715962,0.20694652515915757,0.5475735680289655,0.39075257983551515,0.9910869103632692,0.35175265745396866,40,20
healthy::1135::vowels::a_n,ok,,0.40215726278178626,0.18163119489532717,0.1835572705936478,0.6847219900439514,-1.5533263804792623,1.369194957771312,0.44046755167775586,0.2823861768728491,0.7180450220052577,0.2913677414228115,0.9879197012466815,0.3176736552105805,40,20
healthy::1136::vowels::a_n,ok,,0.6202536095505726,0.18237826515306843,0.3889068000132312,0.9209227091191038,-1.5591710172829618,2.0351604503325484,0.660925343898696,0.3088477495698232,0.8011599649547287,0.525984937272629,0.986818017350662,0.39310731162093254,40,20
healthy::1137::vowels::a_n,ok,,0.5160689667576777,0.10459092376377366,0.3864638170100478,0.7046362285998231,-1.3189732510652483,1.6709261987385815,0.5508399089598385,0.1921073019482784,0.5296247744444642,0.4602496237837431,0.993440718701182,0.3286581465898622,40,20
healthy::1138::vowels::a_n,ok,,0.5598336611881204,0.1860075986393043,0.3322885768792468,0.8673400997375472,-1.5678802828810325,1.8635222586503253,0.606947689840085,0.3094837574840199,0.799200160783998,0.4550773418990002,0.9877467797043775,0.34248878155330814,40,20
healthy::1139::vowels::a_n,ok,,0.46795852688175427,0.10441766901034975,0.3333791629612666,0.645428510408887,-1.3202647659228035,1.5109493972293808,0.49317766168056565,0.1841929839019341,0.5090267820720111,0.4130806873764623,0.9926211214366107,0.40763697692669226,40,20
healthy::1140::vowels::a_n,ok,,0.6530584083852958,0.182104244096619,0.4070016500005006,0.9408437821827911,-1.5618682043555618,2.1073244779536378,0.6776121956705592,0.30808325813441956,0.8109559230958152,0.5704933612780101,0.9844318155159337,0.49563204198801325,40,20
healthy::1141::vowels::a_n,ok,,0.5620168696832284,0.16454317441408572,0.362287247365848,0.8407661710916141,-1.5023845689431385,1.854208013550092,0.6087320930003263,0.27952757580437787,0.7337957808742446,0.4697374437729347,0.988595875650874,0.3094936181689665,40,20
healthy::1142::vowels::a_n,ok,,0.6342404423381843,0.21948149314620882,0.3368808963745487,0.9688218166745342,-1.6772925735583342,2.059141735279954,0.6559299196776317,0.3605840592680136,0.9276338159760331,0.7113835032390902,0.9810716083315554,1.0783676401733815,40,20
healthy::1143::vowels::a_n,ok,,0.7869835688648986,0.20584644530447846,0.5001827893441134,1.1061908811120256,-1.636308474525696,2.5158823383421463,0.8061767204073552,0.34974435672650783,0.9282872115456087,0.7016250720723052,0.9812649955570051,0.5516322479074801,40,20
healthy::1144::vowels::a_n,ok,,0.49098716573531753,0.15218251016063744,0.29955402537948994,0.7351575554502343,-1.466832540074668,1.6066238152535275,0.5223537932414646,0.25003224215421244,0.6571535178809436,0.40860308918152977,0.9871146383452833,0.3567254547525653,40,20
healthy::1145::vowels::a_n,ok,,0.5504073340766262,0.11524480079180814,0.4036472171297698,0.7438162123718337,-1.3539227836645589,1.7672457781800268,0.5781842904438473,0.19926479982179462,0.5360884880102343,0.4912082875708157,0.991039279189015,0.35731400831285054,40,20
healthy::1146::vowels::a_n,ok,,0.5491457827110657,0.13103807132943313,0.39369908129652353,0.7684639763732947,-1.3999140898793618,1.7823944416149706,0.587163814875468,0.21749158580600614,0.5665227206928729,0.4733654956990452,0.9896827120487279,0.25890254143904323,40,20
healthy::1147::vowels::a_n,ok,,0.46378331468301387,0.11084707892910503,0.3285454465224615,0.657521586842908,-1.3381345177063364,1.5132123565887647,0.4983637887054,0.19517961576570567,0.5242919059802746,0.4027408132680076,0.9928203178425141,0.31215253716904695,40,20
healthy::1148::vowels::a_n,ok,,0.4873770234787683,0.11651870633999492,0.33641700368094746,0.6745488787334614,-1.3575419135201685,1.5711150418842572,0.5088321991264751,0.19501708774170984,0.5207828342356042,0.42511118452877206,0.9921778298781084,0.4389025061849948,40,20
healthy::1149::vowels::a_n,ok,,0.4459249708967793,0.0923068054876072,0.3433249290356572,0.6088416552628816,-1.279112339329152,1.4500850707959985,0.48175840960748834,0.15727402333752388,0.4116541220555381,0.3882623073466337,0.9939440606613237,0.1871354064484968,40,20
healthy::1150::vowels::a_n,ok,,0.5071437952389583,0.2049294990096555,0.2662142620581438,0.8215035484764073,-1.6231833393211104,1.700965554636747,0.5510231070390621,0.310414330143983,0.7664338396129953,0.37936111692643537,0.9845395081610677,0.27534729448128653,40,20
healthy::1151::vowels::a_n,ok,,0.4290203212735383,0.1569524654331811,0.2461683855364318,0.6953100648442222,-1.4766255873212504,1.4532478105104092,0.47837534779993884,0.2614608322515019,0.676838480404482,0.3341487914868322,0.9902216029742673,0.2641705280833944,40,20
healthy::1153::vowels::a_n,ok,,0.6660305453712188,0.1931316471003433,0.4074762637196483,0.9646813665730657,-1.5956176250365135,2.143817011200086,0.6897269918118327,0.3187942115758487,0.8310772289881543,0.732031719091256,0.9818796018924016,1.0086041279280218,40,20
healthy::1155::vowels::a_n,ok,,0.5271184270962409,0.1870814372996433,0.2777167076717935,0.8082508255584558,-1.575986793330074,1.7147842092674297,0.5459515434380695,0.3003508560996424,0.7780318318488453,0.4369453115961386,0.9811476607024295,0.4755203923417186,40,20
healthy::1167::vowels::a_n,ok,,0.6874936825310842,0.12294762214520026,0.5390990663705,0.8996149195414171,-1.3744905120064508,2.2090641672127096,0.7250802723915307,0.21229440915524422,0.5643966999042895,0.617339693046711,0.992286647415877,0.31109463993651165,40,20
healthy::1168::vowels::a_n,ok,,0.6979840294603508,0.15570922325266634,0.47322134441149855,0.9302922533993024,-1.481521526452394,2.2016246269350592,0.7024318552661318,0.2627937060082,0.7033038153940305,0.7570795926900211,0.9858312819015393,1.2930259935132429,40,20
healthy::1169::vowels::a_n,ok,,0.478853746670457,0.11288671618155353,0.33869256211762877,0.6742369036501275,-1.3456445126474497,1.5548493216630281,0.5116443179811219,0.1986629539509068,0.5347853277407109,0.41932017248354136,0.9916892197070182,0.31720786964375575,40,20
healthy::1170::vowels::a_n,ok,,0.4026615162199379,0.11340635418289768,0.28650882102923164,0.5998459204114095,-1.3396116346357991,1.3441754634267864,0.4508183045413524,0.18358511397406194,0.4664663057907391,0.3256786169874697,0.9931665620916846,0.13298641298416897,40,20
healthy::1171::vowels::a_n,ok,,0.6379101643001857,0.14955055215141586,0.43606863838007254,0.8817645025464894,-1.461106711374067,2.0479801189470175,0.662808273492829,0.26020059464703293,0.7032845357567048,0.5676753042477651,0.988795026668656,0.4760128266640498,40,20
healthy::1172::vowels::a_n,ok,,0.6754173435321665,0.11509687444025045,0.5394386120185027,0.8672977528545468,-1.351257782193131,2.157371286621065,0.7087388759858664,0.18988905534058567,0.49152920261845523,0.6089128034132292,0.9907773897540048,0.25040288739906114,40,20
healthy::1173::vowels::a_n,ok,,0.5614109337055508,0.1649677658251278,0.34226175589153823,0.8326072371425259,-1.508449808426626,1.8278682205796342,0.592310945054118,0.2865641738336253,0.7737996073843911,0.4835333454130786,0.9864745061086819,0.43242918972558325,40,20
healthy::1174::vowels::a_n,ok,,0.36631207186735504,0.09443490347473962,0.2558893253671874,0.5390536194604817,-1.2865404120175694,1.2099000688106603,0.4032752422554807,0.17147289200134783,0.4636424819934808,0.3128310805453327,0.9940312510590907,0.24088391022233813,40,20
healthy::1175::vowels::a_n,ok,,0.44892418478972507,0.10167475558985796,0.32197646409865177,0.6331006998054692,-1.3102632318852812,1.4626754182895294,0.482725429059475,0.18853398426589568,0.5228408379899268,0.39609357625510744,0.9935072472329775,0.3329448219080988,40,20
healthy::1176::vowels::a_n,ok,,0.48232860896258084,0.1375529383157467,0.3036940995273687,0.6978986237957443,-1.4230830901774267,1.5602859857147364,0.5042802463218952,0.2252806694299485,0.5882332195305096,0.41256845224215777,0.9877888156890875,0.4155702240996323,40,20
healthy::1177::vowels::a_n,ok,,0.6501269167724677,0.19964233480565038,0.40131746603603163,0.9659685250628298,-1.6107073384367598,2.1291206966612104,0.6900453829762881,0.32167109336905947,0.8367848156339015,0.5356193377385153,0.9859337457156676,0.3680511188919501,40,20
healthy::1178::vowels::a_n,ok,,0.6232005827507464,0.11207986272818667,0.48719198829838345,0.8223123499628008,-1.341160752988378,2.0067026800672587,0.6604683829239973,0.20038836874527613,0.545175711635947,0.5608072589791895,0.9931989222746088,0.309890618826288,40,20
healthy::1179::vowels::a_n,ok,,0.5181261895982362,0.11765599628697695,0.373270055287457,0.7188863959618623,-1.3596053978453582,1.679631127318167,0.5512909004056149,0.20294154369374,0.540493798562268,0.45376025450557456,0.992134714453856,0.3236643603022669,40,20
healthy::1180::vowels::a_n,ok,,0.5512982241060069,0.18523122217611715,0.3167138403319778,0.8418659739310456,-1.568185168163095,1.8098878896886843,0.5846996118387425,0.29895679747343906,0.7755269363138781,0.45081276384659263,0.9849345730326442,0.378359838181308,40,20
healthy::1181::vowels::a_n,ok,,0.5805805809428488,0.18974375208301827,0.3390464624765117,0.8877547870209171,-1.5824932293749405,1.9126527053837714,0.6191541879545319,0.31629471907032025,0.8210385454617035,0.48147127159879943,0.984789580173077,0.39217695239643496,40,20
healthy::1182::vowels::a_n,ok,,0.449016719594613,0.11325016052684123,0.3099558208044078,0.6464291335401618,-1.3458602320968267,1.4683536449097536,0.48362055960220196,0.1996045334541507,0.5410922280864767,0.3869170847343716,0.9924361742986532,0.31435282867864583,40,20
healthy::1183::vowels::a_n,ok,,0.6302268255664212,0.19537241986603157,0.37463114974851347,0.9232308601168142,-1.6006441876185484,2.0346001231266144,0.6522907245912439,0.3092484029330828,0.7900857185325791,0.5319871301068795,0.9799863683181216,0.44646488597765005,40,20
healthy::1184::vowels::a_n,ok,,0.4905124648786586,0.10331863370317178,0.35467861411124824,0.6741124114687711,-1.316897811203187,1.5836816552728539,0.5185687882657826,0.19288414169725476,0.5313232063374436,0.4427018901399422,0.9931329066507377,0.4108711439189541,40,20
healthy::1185::vowels::a_n,ok,,0.592364713423512,0.13164935630883118,0.4192954327426528,0.8159478597444202,-1.4050780133832765,1.906572463906069,0.6223883349151363,0.2346111554481417,0.6424248980421936,0.5289642796499041,0.9902867593002934,0.4061024778984127,40,20
healthy::1207::vowels::a_n,ok,,0.5742135631986691,0.12866742205495477,0.39210022058175337,0.7906654908299006,-1.3979830203503796,1.8354940009263794,0.5947139743753465,0.23820182873619755,0.6717765640643569,0.5226283583477251,0.989726707057248,0.5142886459066528,40,20
healthy::1208::vowels::a_n,ok,,0.5058927132669484,0.12170161247721614,0.36368137970944936,0.7352774784359326,-1.366933708283425,1.6722549798577537,0.5571572366811641,0.2286780091734982,0.6227392882928875,0.43811357333603285,0.9935345491655729,0.2656788906973282,40,20
healthy::1209::vowels::a_n,ok,,0.46272062112179724,0.13544588656792525,0.299598702808326,0.6893005663682592,-1.413140376548311,1.525054420990236,0.5003416369181855,0.22619340103110067,0.5930792503431506,0.3840344208098365,0.9908740833396834,0.3022659560221908,40,20
healthy::1210::vowels::a_n,ok,,0.5018145992435105,0.11187983545191683,0.3584481226104519,0.6825310382168186,-1.3437320148667191,1.608952783246382,0.524130043542098,0.18710792982938573,0.5013957642913303,0.44300926860570444,0.9906909728072453,0.37835675254782875,40,20
healthy::1211::vowels::a_n,ok,,0.27175637388788615,0.07853430770078804,0.1770676319715972,0.4133079074798233,-1.2389716336904268,0.9028981285545807,0.29968335199918483,0.1424372160211948,0.3976072342283117,0.22733781073970416,0.9952372833841838,0.2840221023702205,40,20
healthy::1212::vowels::a_n,ok,,0.5250153439692956,0.12528599725081993,0.36737981651648083,0.7415305158963333,-1.3843266288136635,1.7026524445733926,0.5600767066834031,0.22182568409807374,0.6003775085159702,0.4609793980563237,0.9903844517126693,0.3257555821027333,40,20
healthy::1214::vowels::a_n,ok,,0.6429564831431158,0.12460161719182818,0.49090303709294403,0.8612318048400772,-1.379226815406895,2.0766640662604647,0.6819907744444365,0.21996923804038937,0.5913555046977832,0.5735932260135429,0.992942570009421,0.33029870573796255,40,20
healthy::1215::vowels::a_n,ok,,0.5807042872334055,0.13397630914687375,0.4067913599957879,0.813062647214025,-1.4112833472525164,1.879626745562926,0.6153442805783051,0.24220289300846412,0.6729905726642444,0.5132772971396381,0.9906839033398447,0.3898209455648785,40,20
healthy::1216::vowels::a_n,ok,,0.4188614321592505,0.0997392543339148,0.2881923782078342,0.5888858825444828,-1.3067912326874207,1.3536913111177433,0.442261767532662,0.17815630215776723,0.4918796735878903,0.37018342903628443,0.9924955019489619,0.398946259740428,40,20
healthy::1278::vowels::a_n,ok,,0.4703118714882922,0.13733500741556537,0.301359231125098,0.7005059622225781,-1.4201788616817637,1.5459450782013207,0.5065647191772911,0.23252647587182765,0.6148516665077333,0.3943145767167806,0.9897220913227383,0.32332829228284987,40,20
healthy::1308::vowels::a_n,ok,,0.5102802651537923,0.18460435278002577,0.284415887366967,0.815683702540029,-1.56445914788549,1.7081044996721857,0.5572317246484745,0.3074346021505759,0.8038106459789929,0.40572245837446763,0.9860234035372548,0.32352161740358504,40,20
healthy::1320::vowels::a_n,ok,,0.5852777699631486,0.16091230919935706,0.37872054984436193,0.8402466518992934,-1.4941337340122705,1.8965707579217037,0.6141543339127176,0.26421128496642415,0.6891656125345693,0.5007884723146032,0.9878633015043886,0.4040663762573598,40,20
healthy::1336::vowels::a_n,ok,,0.5362417098376232,0.20358687850945548,0.257543843500852,0.8423157478136637,-1.6281080296007957,1.7468785025301585,0.5524890030410312,0.33310836075038375,0.8715472514639107,0.6135849226917722,0.9812586193030977,1.131662756230624,40,20
healthy::1342::vowels::a_n,ok,,0.5791031506433284,0.1250967054234844,0.44447447635673215,0.8107343912982957,-1.3740254287018376,1.9058612232238943,0.6361578883928379,0.2220840431203722,0.5789140499847623,0.49996447530735544,0.9939387177711838,0.18583206663799667,40,20
healthy::1343::vowels::a_n,ok,,0.4333235474718754,0.14872587568996767,0.2399954812142619,0.6737639999944575,-1.4578432433454451,1.4253151016288454,0.46133001051526124,0.2511025483152939,0.669295567293601,0.35999607737925876,0.98642389760219,0.39512766482654005,40,20
healthy::1344::vowels::a_n,ok,,0.3878813880017727,0.12166687616634586,0.24363938439557162,0.6066753640559511,-1.3691699148014123,1.302788622066144,0.43178091572321264,0.2179000290169494,0.5848043409054657,0.31888271262419443,0.9927691450719097,0.2824864007542607,40,20
healthy::1345::vowels::a_n,ok,,0.618801716701433,0.2104074140479743,0.35267531891480763,0.9501962309371373,-1.645533219945649,2.0368523960242824,0.6573747589667753,0.3405230387004126,0.8726022013659933,0.5064403186039799,0.9825373143356643,0.38598043132651894,40,20
healthy::1346::vowels::a_n,ok,,0.571996512009088,0.11396772792998419,0.43800357243665505,0.7765650721612215,-1.3452428688903784,1.8572400221829894,0.6136727253034188,0.2029296066024108,0.5484213231739075,0.5055929302032464,0.9936880630086242,0.2764907146614121,40,20
healthy::1347::vowels::a_n,ok,,0.4416149521814347,0.12194714514011291,0.2923750514339334,0.6501660718610974,-1.372199149904278,1.4524305573569913,0.476644657956747,0.21014276545004906,0.5586348128650469,0.373640294677305,0.992070496203138,0.32644895727149703,40,20
healthy::1348::vowels::a_n,ok,,0.5167624042256239,0.1879576124013258,0.2996356642886951,0.8226274000819492,-1.5698108414854903,1.7402775037889144,0.5695587376548017,0.29869906790776096,0.7565055449667959,0.3983219888452284,0.989274262084006,0.2650170391459162,40,20
healthy::1349::vowels::a_n,ok,,0.5368958563220632,0.1108743029919471,0.3869064049558101,0.7198437310779447,-1.3419017938441844,1.7150183889366966,0.5564529532656873,0.19551092398172326,0.5367032319940961,0.48524580139365314,0.9915362786970489,0.4704358593583643,40,20
healthy::1350::vowels::a_n,ok,,0.6271642854790167,0.17508457418759213,0.3935829322301554,0.8923899600718487,-1.5394792455997985,2.0114965197810246,0.6460679068988389,0.2830868679321453,0.7273411219770591,0.5456167823432257,0.9832481121771355,0.47076934379509333,40,20
healthy::1351::vowels::a_n,ok,,0.5489409427978668,0.13305798074616731,0.3849492565265368,0.777516001483443,-1.4067636077653776,1.7867277653795357,0.5871786719295047,0.23133554730563008,0.6232416910078538,0.4755556843850556,0.9907206888156657,0.3233835432434879,40,20
healthy::1352::vowels::a_n,ok,,0.5503977758704137,0.17083117619374252,0.35494098557109566,0.8464579591446504,-1.516911131338674,1.8430499394351278,0.6097986895195655,0.28862393428804073,0.7496627193610719,0.44532026025309057,0.9903473769752956,0.24743112773523684,40,20
healthy::1353::vowels::a_n,ok,,0.5290818069441434,0.13660508058227835,0.3396817127436909,0.7440163199591503,-1.4221983852961981,1.6933816400824888,0.544288581597202,0.23432149419518017,0.6300219224008115,0.47061732699570047,0.9878314579432357,0.5250821463961336,40,20
healthy::1354::vowels::a_n,ok,,0.5673303283804727,0.18798656388898907,0.3133887634037832,0.8559268819871854,-1.5798636782235278,1.839756455616377,0.5878580888553052,0.310105666445088,0.81223944612421,0.6323245391214026,0.9817531472339327,1.054969984860073,40,20
healthy::1355::vowels::a_n,ok,,0.5146911195729783,0.16616478799408899,0.3141211930103222,0.7770173285422591,-1.5072780422217886,1.6941539937218937,0.5514739581106074,0.2623756181459009,0.6645228669455774,0.41714302532845593,0.9873230303901046,0.3080951355648425,40,20
healthy::1356::vowels::a_n,ok,,0.4808556409365178,0.14315663721710803,0.3008453734753791,0.721808491870195,-1.4384571871341034,1.583373790466422,0.516764928084097,0.246278455296053,0.6562780422281858,0.40409786021261473,0.9898731236359046,0.36640969635921117,40,20
healthy::1357::vowels::a_n,ok,,0.4447581249579339,0.13947778571321393,0.2662056364755049,0.6755098089150505,-1.4285530821269645,1.4613037906956516,0.47575593781476966,0.23844474904920407,0.6385600136416523,0.37308604818588686,0.98881685934522,0.3746887838711836,40,20
healthy::1358::vowels::a_n,ok,,0.5987616656599326,0.19088921566775124,0.3536415877980034,0.9170847026345814,-1.5854688736578961,1.9802890552448285,0.6416252978670312,0.32925876723100084,0.863018845828968,0.5026393931422022,0.9869945567565208,0.414788586572393,40,20
healthy::1359::vowels::a_n,ok,,0.3956215295801549,0.09377526734745241,0.27086375747688074,0.5570316931179228,-1.2885223852477634,1.278775549613875,0.41741502200194613,0.1708507483070039,0.4843435622799155,0.34996739167793467,0.9932019635095924,0.4242659243466301,40,20
healthy::1360::vowels::a_n,ok,,0.5936125143180225,0.21458678145710194,0.32757030213616867,0.934102928658607,-1.6572411980961164,1.9703677865670726,0.637626043420213,0.3455930014178734,0.8795247317301969,0.47501058219635095,0.9824417478928917,0.3495232335855777,40,20
healthy::1361::vowels::a_n,ok,,0.4231653828974998,0.1077201327153074,0.2719768680292119,0.5889701703457566,-1.3330202981063815,1.3479665579838098,0.43192738444619555,0.18291045055952004,0.4915704823244469,0.460205428630324,0.9899981340021557,1.096757658845738,40,20
healthy::1362::vowels::a_n,ok,,0.5211628672638524,0.1754629595138013,0.3071150345512778,0.7944044581988832,-1.536495816494298,1.7143788655658927,0.556435924344808,0.27517846130809964,0.6921787476292125,0.42086560128840045,0.9853089876861527,0.31823998772879314,40,20
healthy::1363::vowels::a_n,ok,,0.5635676639230759,0.16560152969553898,0.35819324479744025,0.8208564454220602,-1.506774619558824,1.8327870632887568,0.5944814979833521,0.2616618628664659,0.6704715144077578,0.46931376819729664,0.9863367037451269,0.3510812661057415,40,20
healthy::1364::vowels::a_n,ok,,0.5298234272110072,0.16348803872926945,0.31742792741323667,0.7887979588485923,-1.5024079524418223,1.7292417279110213,0.5574515760969566,0.2703870474764076,0.7117284328199278,0.44475468060110646,0.9874200445567394,0.431535447039568,40,20
healthy::1365::vowels::a_n,ok,,0.6743327797319124,0.17182427960032196,0.47098603784377185,0.951910533580998,-1.5239681236861258,2.1915963360252184,0.7183560538532204,0.274542021003742,0.6935229320472978,0.5727190493120526,0.986458543125246,0.2727168106834075,40,20
healthy::1366::vowels::a_n,ok,,0.6388040317511443,0.15637208552387807,0.44287882803146134,0.8924425886036368,-1.480114160517663,2.060010986961073,0.6730540411613329,0.2590641946408837,0.6719451563131971,0.5574321560823161,0.9858536739766035,0.3364153608243231,40,20
healthy::1367::vowels::a_n,ok,,0.5288897220284847,0.11702211481197725,0.37762911010628597,0.7237432607944989,-1.3596630845273896,1.7003186207233796,0.5548577177131014,0.20257075044934414,0.552307105520971,0.46900143146733186,0.9910045836396731,0.38814780251768133,40,20
healthy::1368::vowels::a_n,ok,,0.4505725070396368,0.0952756344995959,0.32061578137001623,0.6123377793799295,-1.293774210339258,1.4434684959308146,0.46948314996282897,0.17379076304399457,0.49226621483482047,0.40631272168863686,0.9929755566438805,0.4668066198468071,40,20
healthy::1369::vowels::a_n,ok,,0.4196260526877376,0.0803460291741835,0.3174815244514345,0.5638314533727479,-1.2464363160757699,1.3484678870021702,0.444726974112421,0.14913200853231698,0.41216220494077316,0.3810390787695752,0.9939284352356429,0.32066900759060996,40,20
healthy::1370::vowels::a_n,ok,,0.6401737286660304,0.19034626747983452,0.40187820986835593,0.9507197291884324,-1.5830279146410284,2.098875390098267,0.6829070198472992,0.3167140088985308,0.8326554758942621,0.5354733319581995,0.9859756177064871,0.3655387702093735,40,20
healthy::1371::vowels::a_n,ok,,0.5398742388787218,0.14467505790769972,0.3470200389818293,0.7656406487505543,-1.4457064359880516,1.736701728456768,0.5594103032323734,0.23998330990402658,0.6353816243032164,0.46930072046585236,0.9874469881129571,0.46979664222505657,40,20
healthy::1372::vowels::a_n,ok,,0.649252780228362,0.17476557229401726,0.431063620643066,0.9280374764625325,-1.5359000020687137,2.103880537100742,0.6852731349812421,0.2842034901964399,0.7345832576677003,0.554643685527118,0.9851157655524582,0.34564378323129236,40,20
healthy::1373::vowels::a_n,ok,,0.4857306274818751,0.13559170383536204,0.3166721962629334,0.7170850543902771,-1.4152216557266946,1.593203358418761,0.5226244976019925,0.23555459534548256,0.6321658051576353,0.4133908652104905,0.9900954047790662,0.33648950641163544,40,20
healthy::1374::vowels::a_n,ok,,0.4310870989955683,0.1494809623803297,0.22654940878130408,0.6578019256863213,-1.4611520014116834,1.3989760723292284,0.4444097871020912,0.24617890115325516,0.6505569435281244,0.3629823852106572,0.9858052078623545,0.5158308457164344,40,20
healthy::1375::vowels::a_n,ok,,0.4173392726776835,0.09927275836112553,0.28176881157638833,0.5742963450201914,-1.3063128886757942,1.334955026076514,0.43002964016657436,0.169298006894303,0.4574176529540952,0.37103857309526034,0.9919086832278178,0.5120928213535857,40,20
healthy::1377::vowels::a_n,ok,,0.8087236053732051,0.21710743997379015,0.5281412708575582,1.1410265648695908,-1.6665627941966332,2.6027524204159143,0.8395589716858007,0.34693681514652314,0.8993458879981144,0.6926117795378786,0.9817871413272954,0.424907372892471,40,20
healthy::1427::vowels::a_n,ok,,0.5459945694069264,0.1620001502157698,0.3370954640234144,0.8134564981222835,-1.4979149939923104,1.7858637853195853,0.5807390177655354,0.2774646288370646,0.7422950645418922,0.463574805246599,0.9874575387557472,0.3915109466707791,40,20
healthy::1460::vowels::a_n,ok,,0.4837496276028609,0.1920642593725792,0.2548858625154663,0.7911629075832535,-1.5848655556385585,1.6346319166774523,0.5303938043991956,0.3051636477618401,0.7702434308283626,0.36876415452505773,0.9873998312308625,0.30606514728362766,40,20
healthy::1504::vowels::a_n,ok,,0.3830060125321812,0.07601173501165555,0.27909676155301005,0.5109368353601057,-1.2346301787138798,1.2210473598156049,0.39748542233216366,0.13782848220114968,0.39145270402792276,0.34868501589674517,0.9940029779664855,0.4507312614056807,40,20
healthy::1505::vowels::a_n,ok,,0.3597182585799304,0.08063648864503684,0.2536827133202142,0.4991545702170924,-1.247776407262415,1.1613344826495193,0.3795132153827282,0.14646605788844697,0.40934294726354503,0.3201919413727131,0.9943546802845444,0.4111625662735209,40,20
healthy::1506::vowels::a_n,ok,,0.4822791465979945,0.12402804503301565,0.3221552614478034,0.6883943312162165,-1.381332461520593,1.5619487703984054,0.5096980980037821,0.21417013530885412,0.5821474662731805,0.4192431254203717,0.9900615292906693,0.3806525622683509,40,20
healthy::1507::vowels::a_n,ok,,0.45804994620554285,0.14767607823294268,0.26864329717192714,0.7066061452078848,-1.453265224419733,1.5149172337363472,0.49304996169260934,0.2569818593550397,0.6930159606150474,0.38207296245665556,0.989407640166623,0.3865300396847616,40,20
healthy::1508::vowels::a_n,ok,,0.44354587689441993,0.11686332504416008,0.29506173142953845,0.6443603946325602,-1.3587855681823064,1.4460071259109808,0.4745513607901143,0.20675653560500473,0.5582863196962453,0.3848441929978914,0.9907445748844358,0.34765968179094825,40,20
healthy::1509::vowels::a_n,ok,,0.47449441087174493,0.1401709754089646,0.3053274501589581,0.7085760034895552,-1.4274050884569252,1.5658152968849326,0.5128951842363774,0.233929964138463,0.6112661545347384,0.39332812827481667,0.9908294729364341,0.31367758884918884,40,20
healthy::1510::vowels::a_n,ok,,0.521879856537694,0.15056759759301705,0.33889077778707327,0.7729738971394026,-1.4600008437972052,1.7161740443372697,0.5620858195690228,0.25181329877200426,0.6506424857483593,0.4378512471177495,0.9891724534897801,0.3148720351141247,40,20
healthy::1511::vowels::a_n,ok,,0.6109814155089499,0.11793322459399289,0.4537243977933035,0.804399833991391,-1.3633964065763033,1.9466324306311047,0.6325346553804787,0.20491128522925955,0.5578701708589806,0.5544843837480379,0.9908576760275434,0.442940319176244,40,20
healthy::1512::vowels::a_n,ok,,0.5413332893216056,0.2145779192222098,0.25107424804626666,0.8611529517085328,-1.6612399666478759,1.7726714696092924,0.5586177997374533,0.3454258667824075,0.891041006050461,0.6219703190938233,0.9792773867845691,1.1811019952385564,40,20
healthy::1513::vowels::a_n,ok,,0.48902775281558075,0.15260866661568528,0.3029129293682497,0.7393331890333441,-1.4672339682116884,1.6100695664927835,0.5271314777273794,0.25162020937211454,0.6452303880622512,0.4056567595136642,0.987447731218584,0.30065933415921975,40,20
healthy::1514::vowels::a_n,ok,,0.6464664508060924,0.1624204101546257,0.42929302896145927,0.9081818166341973,-1.500674243569837,2.0807392353061696,0.672799512316945,0.27781609666829865,0.7394728435676878,0.5698709555844486,0.9869614779122787,0.46448907829685665,40,20
healthy::1515::vowels::a_n,ok,,0.45386557071948735,0.1512175682501462,0.26712273462976105,0.6985280936523227,-1.462879617322815,1.5014328636150163,0.48809024329921413,0.24759425529529228,0.6361465917129201,0.3701712264167156,0.9883291741026264,0.34274343960421905,40,20
healthy::1516::vowels::a_n,ok,,0.3714076889394709,0.1496322116905904,0.1894511060787035,0.6251122138316589,-1.4576134965116696,1.261637125002677,0.4140499762138937,0.25504384555656956,0.6805418651982817,0.287781316449905,0.9881594311798942,0.2916266756612535,40,20
healthy::1517::vowels::a_n,ok,,0.4872440716191443,0.122200985690412,0.31845506618726566,0.6700120144987584,-1.3770055360629194,1.5480337303319174,0.4956854279869325,0.2003065810298206,0.5309788160584663,0.4328792946232788,0.9878906388985715,0.5406219453017496,40,20
healthy::1518::vowels::a_n,ok,,0.3767633829122449,0.11168980897524339,0.24922824003691377,0.5697265690341399,-1.3379156458818007,1.2555277745107045,0.41550402022551997,0.1879385259766167,0.49089061359972375,0.30746732178638425,0.9937333051346517,0.24328618913091338,40,20
healthy::1519::vowels::a_n,ok,,0.35727251505747015,0.08866223090766656,0.25089847365600143,0.5146763886965903,-1.269809149200141,1.171756430648457,0.3875275912749734,0.15756269858558217,0.4289610475725363,0.30704422958480637,0.9944506429407322,0.2865291742829446,40,20
healthy::1520::vowels::a_n,ok,,0.6574986952375849,0.18803564238779127,0.41194491304568415,0.9568728131934432,-1.57896219882612,2.130929663655577,0.6893153001681162,0.31345796579306995,0.8163856412455113,0.5661913010056909,0.9833790895291374,0.42103365826567557,40,20
healthy::1521::vowels::a_n,ok,,0.7603765883340523,0.14480493311656775,0.5647062777256042,0.995441239855346,-1.4469362382182134,2.4157987991823413,0.7838433111424103,0.25117696687686014,0.6738458413777106,0.6955840970307231,0.9880527805320793,0.46202060404835427,40,20
healthy::1522::vowels::a_n,ok,,0.39688090480941696,0.14310450710138492,0.21319962356594005,0.6275487089781212,-1.4397413064027023,1.3156752033291366,0.42459450166598095,0.23887067662686437,0.6282385635736014,0.32296686010179065,0.9878736287099521,0.39785573945811664,40,20
healthy::1523::vowels::a_n,ok,,0.3473158348777058,0.09747848739122866,0.22435181818903008,0.505659711755493,-1.298988790244293,1.1313297222329888,0.3683819570738624,0.16225678101085703,0.4279581519735767,0.2949504427905475,0.9925166959956666,0.3631222009062247,40,20
healthy::1524::vowels::a_n,ok,,0.6577666222814602,0.21162324173330915,0.37836631236040635,0.9796324180912607,-1.6517083979661429,2.126192736850238,0.6827421333950493,0.3414411919751339,0.8787244747463592,0.7361044606779308,0.9809866247751827,1.029284932581188,40,20
healthy::1526::vowels::a_n,ok,,0.6735630016344034,0.18591268235220637,0.4222899483795889,0.9644298249222535,-1.5739666251737119,2.162040455249275,0.6969249716569907,0.3122016462111016,0.8199759332546197,0.7353353461027828,0.9841497929570073,0.9721610021760262,40,20
healthy::1527::vowels::a_n,ok,,0.6227819424163508,0.21606933269132494,0.3498896564364509,0.9572383725547698,-1.662599894637101,2.0435240802197563,0.6593237214542764,0.3438885768242754,0.8836962323890254,0.5042728023086789,0.9806148502654237,0.37224717601841134,40,20
healthy::1528::vowels::a_n,ok,,0.5283473796152609,0.16112482773051573,0.3285897775186047,0.8008365330763546,-1.4930049774749639,1.745692247572623,0.5712262211651975,0.2762985679381319,0.7289660693730329,0.4408862773709923,0.9885447458550033,0.3398994198557834,40,20
healthy::1529::vowels::a_n,ok,,0.3923729230593967,0.15866001941735977,0.20204496064741465,0.6583470297874919,-1.4835197075232627,1.3390855017501953,0.43709167100487534,0.2649375440447842,0.6865120288749096,0.3008949803385861,0.989669751517072,0.3043049367051335,40,20
healthy::1530::vowels::a_n,ok,,0.39528517786899386,0.10630308728082029,0.2553879469826651,0.5716735252611982,-1.3274090123194178,1.2811676135625591,0.4170440747973448,0.18541578130303082,0.5064554162774879,0.3438233440360573,0.9912283448615165,0.4069128285751196,40,20
healthy::1531::vowels::a_n,ok,,0.45823994781181565,0.14700034638212967,0.2809680099057783,0.6921186254623607,-1.449000261877499,1.5084039505733036,0.491837081418476,0.2337399180158309,0.5928801673475048,0.372648830911408,0.9881710350412825,0.3024154456413857,40,20
healthy::1532::vowels::a_n,ok,,0.660932502160513,0.1889063566539554,0.4239376528991406,0.9632292756484727,-1.57925734562646,2.1532708813461676,0.6995129125978881,0.3088132603983545,0.793387244869614,0.5593285750935938,0.9847203711404424,0.3665354738227597,40,20
healthy::1533::vowels::a_n,ok,,0.317697327470638,0.0797086789649237,0.22196298710148132,0.46218067404068675,-1.2423637848930646,1.0449536416640708,0.34658308296528795,0.1450834728231341,0.3995061682976919,0.2730988187769552,0.9950827201681333,0.28350504611597566,40,20
healthy::1534::vowels::a_n,ok,,0.5747312915954107,0.13021095900673285,0.40535156192976685,0.7908107554398857,-1.4003776211221088,1.8493067577897566,0.6024663225362225,0.22532670678447747,0.6084856534976222,0.5092855351217432,0.9901971116150006,0.40393731921365966,40,20
healthy::1535::vowels::a_n,ok,,0.5953755365754648,0.1751990762668073,0.37190475537480305,0.8828692441298637,-1.5378504938117097,1.9475200475461727,0.6332884257164594,0.2963146674811497,0.7847692453593789,0.5036439976225937,0.9866547300388702,0.38287737422390095,40,20
healthy::1536::vowels::a_n,ok,,0.28952945008986936,0.09585156679875881,0.16845889664481964,0.4475238944935996,-1.2937092174321674,0.9587568148272813,0.3114020582131863,0.16196361374277649,0.43202192866966915,0.2374987998379432,0.9932532964255093,0.3774504914168288,40,20
healthy::1537::vowels::a_n,ok,,0.6242635652254529,0.18097406668402988,0.3810908816633684,0.8980816642348467,-1.557870084816198,2.0034133885279357,0.6424866352431435,0.29386515454366746,0.7612142823533583,0.6895368129184809,0.9823008684201764,1.079670449161058,40,20
healthy::1538::vowels::a_n,ok,,0.4008897675744197,0.09001881918672786,0.2748517581612641,0.5486176972818364,-1.2784023157557187,1.278957532872225,0.4139056028291419,0.16169525258418002,0.45162419110387386,0.36334886005333233,0.9923149904235352,0.5043004446353494,40,20
healthy::1539::vowels::a_n,ok,,0.5438457069794951,0.11658723413045612,0.38209549562081474,0.7416716145083427,-1.3600871514334132,1.7398245958955403,0.5653833983819359,0.2148480511096838,0.6074591970369454,0.4938110195247596,0.9910121603203056,0.48109883118929037,40,20
healthy::1540::vowels::a_n,ok,,0.547684951461138,0.1029624419030083,0.42795951845609875,0.7392452492094214,-1.3117191943856856,1.7760062428941443,0.5902957527174799,0.19023021261379622,0.5201004810239089,0.48912110418630994,0.9938427420504413,0.2368360297407363,40,20
healthy::1541::vowels::a_n,ok,,0.48729717076546814,0.10207797067797515,0.36024055642934416,0.6633726179932147,-1.3123990920349156,1.5721623257537798,0.5163736554610632,0.1792751122555609,0.48772327790186143,0.43233576888856984,0.9927067442919628,0.3310697097526828,40,20
healthy::1542::vowels::a_n,ok,,0.4128279984520765,0.1311176918285712,0.25030131368028313,0.6275676179823693,-1.4015809607187333,1.359863091224861,0.4438969738691312,0.21787607068917028,0.5753268375712577,0.34004626152827766,0.9897632210419762,0.33183281519825975,40,20
healthy::1543::vowels::a_n,ok,,0.47700367066685007,0.19421403276562912,0.24200054101856983,0.8095536057942653,-1.591768117852468,1.6363612593272607,0.5343406278627978,0.3329412288430348,0.8696106132830312,0.36734811105108534,0.9878820360710101,0.319866968026071,40,20
healthy::1544::vowels::a_n,ok,,0.45384331242710385,0.18726654954338207,0.2396355947479265,0.774308185490066,-1.566772057462949,1.569186608522843,0.5163152331465397,0.312080250053261,0.7943244073492979,0.33896747747410305,0.988984980206878,0.25334678666829125,40,20
healthy::1573::vowels::a_n,ok,,0.9833854402500272,0.4365294782913253,0.47112789121567,1.4651137210687626,-2.26947623889398,3.1135902529445803,0.9651070003735779,0.5118112597499369,1.1540450155403175,1.3118830418616283,0.982877378351408,4.382658398201761,40,20
healthy::1577::vowels::a_n,ok,,0.5200653780040916,0.19549025005777762,0.2860762792197476,0.8394869894860949,-1.5960281107691432,1.75084955598767,0.5707284782265261,0.31773345440387935,0.8099786115318159,0.40635842719263127,0.9866881629840191,0.3013030501586947,40,20
healthy::1579::vowels::a_n,ok,,0.44916385913493084,0.11949673086732905,0.30062893078283276,0.6464121403182284,-1.3667328923888744,1.4586546524463098,0.4781244902708349,0.2005821527888287,0.5233774982397044,0.3867595251135434,0.9893066174874064,0.3140808124885473,40,20
healthy::1582::vowels::a_n,ok,,0.5755729270848834,0.19249994008104648,0.3287299734287525,0.8755992120644908,-1.5911610280705806,1.8863734746447873,0.6071364725607944,0.3111535957578019,0.8011061516779718,0.4746961795582987,0.9840266867428421,0.4095484925129642,40,20
healthy::1583::vowels::a_n,ok,,0.7235183412873216,0.0684895281622482,0.6362583053148162,0.8466911266189597,-1.2097010531170511,2.279558396336986,0.7449049653693662,0.12753404966705098,0.36098020098406103,0.6889645682406226,0.9953742426059686,0.3453341210819379,40,20
healthy::1584::vowels::a_n,ok,,0.3943954802471757,0.14202692808528253,0.22063122053065734,0.6308932196911089,-1.4341298256433468,1.3226537732786814,0.43136542285703844,0.2380535495481299,0.6170858257389567,0.31562688157835184,0.9896616304889909,0.32731132335475016,40,20
healthy::1585::vowels::a_n,ok,,0.6139209108362014,0.22037105992313855,0.32227174815905835,0.9638490816128069,-1.6793813913742561,2.019869742367155,0.6482611650591652,0.36956973102217966,0.963043086380222,0.5115669481532756,0.9795699002530811,0.44175993498181443,40,20
healthy::1586::vowels::a_n,ok,,0.612214126305539,0.170638357663759,0.3704731951836511,0.8784170738787064,-1.5278264131020267,1.9634042004283543,0.626865143964463,0.2948594131809394,0.7976891865010756,0.5419234430401499,0.9855625787591411,0.57678303650628,40,20
healthy::1587::vowels::a_n,ok,,0.49723890134618454,0.15757031550978198,0.29209679731174587,0.7460511320493044,-1.484741795000322,1.6221857305345517,0.5230716621179404,0.26023298053440636,0.6823757284240344,0.4175376673636303,0.986189222265855,0.42334345648729016,40,20
healthy::1598::vowels::a_n,ok,,0.5128219203324725,0.11838830923033464,0.37643950861041603,0.7213133520930894,-1.35843498074654,1.6783023812321474,0.5555173539859922,0.20430805021155823,0.5412700746775139,0.44125282965188317,0.9933208322798769,0.24845393414550937,40,20
healthy::1605::vowels::a_n,ok,,0.4567225979383075,0.1136584420120539,0.3125311238448277,0.6347154724361276,-1.3490641594366641,1.4668928794949727,0.47690097353641187,0.18352927510233372,0.4749292997852361,0.39734262462825254,0.989276477835938,0.36283380995827674,40,20
healthy::1612::vowels::a_n,ok,,0.49458103317918295,0.19062355074771872,0.2747448448467492,0.8029657484870107,-1.5773532436620348,1.677866631969757,0.5470870034389579,0.30104761941640523,0.7496857095578147,0.3749072202293009,0.9893877652215349,0.2742639024962986,40,20
healthy::1623::vowels::a_n,ok,,0.43547058411451245,0.17694258009175368,0.21766666769068338,0.7178826025796752,-1.542015406245757,1.461821824080178,0.473665310629955,0.2856544515321072,0.7329674869313281,0.337234125354982,0.9837106351832663,0.3222147765153214,40,20
healthy::1695::vowels::a_n,ok,,0.4265292357894598,0.13012925868212114,0.26013526413939425,0.6453859998617494,-1.3988676183410498,1.4065644303168163,0.4574456402894803,0.22582058996866083,0.6060398920890813,0.3582122624396993,0.9914130078988048,0.3977882424992234,40,20
healthy::1696::vowels::a_n,ok,,0.3201448679601615,0.07035191802336886,0.22922576675625445,0.43430447189947646,-1.216387354974019,1.0257340662845558,0.33401818585549087,0.11871606390592586,0.3159807245797497,0.2846589669948377,0.9941713344652787,0.3880614700723079,40,20
healthy::1697::vowels::a_n,ok,,0.8998506862941926,0.18489207873658034,0.6480539741444232,1.1820621837727545,-1.5707860892253904,2.847484240339042,0.9180610061512116,0.3051297477850835,0.7880809658976835,0.8214039414654523,0.9826509942119137,0.5071161394879214,40,20
healthy::1698::vowels::a_n,ok,,0.6408048201453784,0.18250862828780404,0.4177576970475768,0.9377143888600454,-1.5569407625743508,2.1015904653334694,0.6845452077682695,0.2987014484914471,0.768999278498188,0.5358242404153446,0.9885948294277574,0.3452339008363412,40,20
healthy::1699::vowels::a_n,ok,,0.5340240860817155,0.14735744770515208,0.338261894428914,0.7696342924807005,-1.453953494825362,1.727384228061507,0.5576549381570318,0.2492881941314849,0.6632674135431005,0.4627071396469624,0.9881310841234913,0.4566125613177108,40,20
healthy::1700::vowels::a_n,ok,,0.6492169214603813,0.17460593227629806,0.42253310935341015,0.9357762620866947,-1.5366363167880737,2.1092415273760325,0.6845706475263235,0.29844773454835605,0.7938339569821831,0.5610062652331358,0.9870201748267583,0.4183371096052498,40,20
healthy::1701::vowels::a_n,ok,,0.6292512917810683,0.18552642273896597,0.3827840399240511,0.9169399456170572,-1.5717964749681788,2.0319576813478433,0.6536394993161713,0.30530894317694074,0.7930891230928259,0.5418600873335734,0.9823697710358026,0.45711768565529853,40,20
healthy::1702::vowels::a_n,ok,,0.7987103526895463,0.21870596633364783,0.5253129770566012,1.151273227044504,-1.6696746749855627,2.6004445386462582,0.8455402505233701,0.35927525841952856,0.9352581461772758,0.6768993924935505,0.9841487300877092,0.3689840702062896,40,20
healthy::1703::vowels::a_n,ok,,0.5734007304200904,0.13472768286672646,0.4112831452539176,0.7995062223532399,-1.4115569301287607,1.8592113467102658,0.6113806822822847,0.22578741378752973,0.5920268800938784,0.4966195659265358,0.9896355567618782,0.28408027499331745,40,20
healthy::1704::vowels::a_n,ok,,0.6641269885685573,0.21004622736204795,0.3853272222834807,0.9781451562614252,-1.646476595487849,2.142908233872765,0.6849431043764587,0.3346812549560874,0.8566073756132666,0.5626662442699286,0.9787598240975174,0.47434822747291944,40,20
healthy::1705::vowels::a_n,ok,,0.610467572069371,0.1344964036265894,0.4460635650579895,0.8353830901666054,-1.4106007075698634,1.9742037454528063,0.6462741872837,0.2263188209017489,0.5957155486885579,0.5340637504457377,0.9912169350893094,0.3306546615267778,40,20
healthy::1706::vowels::a_n,ok,,0.6503537823740885,0.16808736133235808,0.420930752252739,0.9219612655558407,-1.518654672645862,2.094428910255379,0.6752540034514001,0.2922482033603946,0.796520451159966,0.5722779735599457,0.9866622390628477,0.5027882654996272,40,20
healthy::1707::vowels::a_n,ok,,0.40994138793102053,0.15714676315218476,0.2198619016000708,0.6727785276713759,-1.4802822166915206,1.3838190962558496,0.45289808683209953,0.26306901907288477,0.6840549317265308,0.3214384718970654,0.9875878618388159,0.2977022949341889,40,20
healthy::1708::vowels::a_n,ok,,0.3783710321258183,0.12642483471916455,0.23560447412004748,0.5924575294068609,-1.3820107727477797,1.2739749447336746,0.420649291007574,0.20710100061616915,0.5284939905262256,0.2986276382124844,0.9931454466611268,0.23433406824554182,40,20
healthy::1709::vowels::a_n,ok,,0.7051272522109693,0.19736302390063906,0.43049110557650144,1.0043488159126763,-1.6098516861731853,2.25048222393149,0.7196885180161924,0.3289786347610284,0.8596130338718595,0.7765862579533076,0.9835449186271328,1.1075552186349598,40,20
healthy::1710::vowels::a_n,ok,,0.6143525955207206,0.13685197181463787,0.44060643885223116,0.8398409800171325,-1.4194571367449538,1.9796104398560253,0.64507145096419,0.23182154602710586,0.6184827430493502,0.5408623778172602,0.9906854977402522,0.38497180360662436,40,20
healthy::1711::vowels::a_n,ok,,0.6058861880986972,0.174951650191234,0.3632569572979736,0.8681970899255305,-1.5401398333654819,1.9356875220132477,0.6176450402068441,0.2881669673314701,0.7568969313386176,0.6723115269149748,0.9839161696687759,1.160683901007767,40,20
healthy::1712::vowels::a_n,ok,,0.5044731957915423,0.08941962766126599,0.38330311294550656,0.6537939615115903,-1.275747324278529,1.6032339040642887,0.5212430281074514,0.15977634701219534,0.4457921508195417,0.46266674515062634,0.9931817062052527,0.4605440418418236,40,20
healthy::1724::vowels::a_n,ok,,0.5737675030224445,0.1505557090471526,0.3795113726049815,0.8278514062856507,-1.462300166081543,1.8679390957043693,0.6089918183911831,0.26360693144935726,0.7112297201400475,0.49733352438011424,0.9888903545251477,0.3987379045329682,40,20
healthy::1725::vowels::a_n,ok,,0.4635328781468767,0.16007061148814108,0.2748071922434309,0.7243934033385555,-1.4876555491739971,1.5446686966028678,0.5063529773618254,0.25748889795384444,0.6597692753296394,0.366718989169064,0.9879662441386474,0.26837986044919165,40,20
healthy::1726::vowels::a_n,ok,,0.6815296111366423,0.19908827088387235,0.4469793678955767,1.018959452071497,-1.6050962744930188,2.256392381572299,0.7421942514965497,0.3331290608695209,0.868002005659231,0.5616870343357431,0.9875717903564034,0.2851738345201988,40,20
healthy::1727::vowels::a_n,ok,,0.4285082848437741,0.1039063667250732,0.29923008746927887,0.6066584017498029,-1.3179599440860148,1.3937084428878752,0.4574248063550247,0.1811686030800592,0.48695915929164446,0.3725620539442922,0.9927067493448252,0.33661631342930737,40,20
healthy::1728::vowels::a_n,ok,,0.4322906155297396,0.1131911063011082,0.29132998729873155,0.6267243302444983,-1.3467808129037937,1.4110484686743259,0.4641457361378065,0.1980447783274403,0.5364303137630575,0.37217176178134126,0.9915154544644342,0.3189895535474985,40,20
healthy::1729::vowels::a_n,ok,,0.4687856275235586,0.15462573360575926,0.2719136089273742,0.7400752495991326,-1.4741576932380174,1.5628420637436904,0.5125471294644794,0.2797619306916081,0.7552921578111005,0.3928384421579566,0.9882635128761448,0.357746426126393,40,20
healthy::1730::vowels::a_n,ok,,0.6324942994876187,0.2115805978252666,0.35722434602757197,0.9643994931443497,-1.6511488967379164,2.067263270272027,0.6660356776139633,0.3472956004398505,0.9043072969941521,0.5275297069323155,0.9799819222462443,0.4138521147029062,40,20
healthy::1731::vowels::a_n,ok,,0.5358092544019069,0.13588702881136192,0.3684130558926931,0.7694596899820842,-1.4150943489935741,1.7508995457961125,0.5749725338353352,0.2363644773287136,0.6342247838245578,0.4611029606298368,0.9909761504286536,0.33052135446999537,40,20
healthy::1732::vowels::a_n,ok,,0.4905567101124843,0.13417431294356771,0.3280230896503813,0.7239119915880703,-1.4094083904064174,1.614831122795537,0.5324424220655684,0.23414116240765545,0.6218855646211368,0.4166793818530493,0.9908301118409131,0.2971038256652515,40,20
healthy::1733::vowels::a_n,ok,,0.3473627456156383,0.09449918001277023,0.2302003477091815,0.5159196195373639,-1.2881053484586245,1.1467614504487134,0.3775654453857518,0.1715381434750034,0.4621189145888849,0.2982912109198308,0.9941129888808429,0.3385076025477215,40,20
healthy::1734::vowels::a_n,ok,,0.6217246869430274,0.12681869331342727,0.4708543556601499,0.8330401748036246,-1.3870925555188778,2.0013525819806057,0.6576400420442734,0.20971156053666762,0.540315124026284,0.5492457838461413,0.9902932517976191,0.26824322448265947,40,20
healthy::1735::vowels::a_n,ok,,0.6202802913621552,0.149013123054361,0.42257484993087835,0.865430109151365,-1.4590005177590444,1.998185404710855,0.6482183701636415,0.2586983703846344,0.6885388888301409,0.5506949450039667,0.9883174441114185,0.4475701615909464,40,20
healthy::1736::vowels::a_n,ok,,0.6216249169802087,0.15119138415984285,0.4241982144983711,0.8693194405395135,-1.4654741228400041,2.00132418377575,0.6514880014382436,0.2591536939096024,0.6971872133797539,0.5471695011886653,0.9869732822616639,0.40143768085751586,40,20
healthy::1737::vowels::a_n,ok,,0.5085145062267293,0.1640432740872824,0.299767217823708,0.771366660013015,-1.5033521080714636,1.66970319340701,0.5406204879937969,0.27087647374176227,0.714939093174578,0.4199497916593744,0.9871259661692737,0.38792850700102605,40,20
healthy::1738::vowels::a_n,ok,,0.6279275926832942,0.15937183291866278,0.42113406880573356,0.8820746323139275,-1.4901692596846998,2.022905007269932,0.6560757514373339,0.2650924813530927,0.6995584061832565,0.5468992931267307,0.986625926402829,0.4103604852402175,40,20
healthy::1739::vowels::a_n,ok,,0.6071355862532506,0.11147783626160827,0.47521781499844196,0.8034602347921322,-1.3387410304121465,1.9576515024930243,0.6452953574503926,0.19490201677689697,0.5211602626094987,0.5425435493216573,0.9932784918584345,0.27311815463414363,40,20
healthy::1740::vowels::a_n,ok,,0.5058113268119294,0.12576095249676977,0.3552743123983009,0.7224258491607064,-1.3831377857752458,1.6549196080734085,0.5447081007840197,0.21581567732502874,0.5592330299341453,0.4356941345599188,0.9915667314008677,0.2934509747763228,40,20
healthy::1775::vowels::a_n,ok,,0.626139130540757,0.18624263479836503,0.38595257240233083,0.9175815538701669,-1.5722852823950793,2.0313895477654627,0.6568187601598263,0.30336792986143674,0.7966733629430314,0.5288061027007037,0.98413721688393,0.40104445208406514,40,20
healthy::1815::vowels::a_n,ok,,0.6471164149287542,0.16491104261194747,0.45108764937128826,0.9267610976185432,-1.5024484269582215,2.1165173502332024,0.6964680586901852,0.2774130943551408,0.7217019065618855,0.5513380128367346,0.9884363669034613,0.2831941222036948,40,20
healthy::1837::vowels::a_n,ok,,0.43651697186725685,0.1330460975244538,0.2740617872031453,0.6598012753778687,-1.4065556791594758,1.4419389260113178,0.4725035278307006,0.22459696998213335,0.5919869176811323,0.36165091547748685,0.9904973961212262,0.31841755129971094,40,20
healthy::1838::vowels::a_n,ok,,0.5210217726283747,0.0962751221864773,0.39619484222050316,0.690320726070991,-1.2950868626262315,1.6715719900925519,0.547300086793659,0.1764649868489685,0.49408274128920127,0.4722306969550105,0.9937716555526791,0.3946039903017954,40,20
healthy::1839::vowels::a_n,ok,,0.40186042015692347,0.10862869957766895,0.2670562367989313,0.58525999526776,-1.3326360361075655,1.313430344154232,0.4307198648326679,0.18623205318319158,0.49731760671804714,0.34308522200782665,0.9918832527494637,0.32750463152640236,40,20
healthy::1840::vowels::a_n,ok,,0.618985963271261,0.12920031868712087,0.45636373571743494,0.8387690835657104,-1.3958738682941074,1.99317568496553,0.6528227517017392,0.22491160484139816,0.6081058999391633,0.5498965932579291,0.9906866795332787,0.35333877780936185,40,20
healthy::1841::vowels::a_n,ok,,0.6200041525991549,0.12976557687410753,0.4472849808468217,0.8419586658346334,-1.3997807978699828,1.9876401406329958,0.6493005605132638,0.23490638604667252,0.6544999798290965,0.5594551375521475,0.9897324553289143,0.41392660921622726,40,20
healthy::1842::vowels::a_n,ok,,0.44947179853827884,0.15595961697630098,0.255238252708999,0.7071670906865383,-1.4781455337210334,1.4927059843808603,0.48709355797612464,0.2621819707271718,0.6929691959011501,0.36515692026545543,0.9870323789429928,0.33304061656277684,40,20
healthy::1843::vowels::a_n,ok,,0.4181650416610262,0.1161653123540885,0.25455724606694885,0.607937102792625,-1.3591527492739783,1.3495349885632564,0.4337357409865275,0.20851913616880677,0.5858991631955641,0.3677747123506325,0.9906956633506444,0.5370252282257345,40,20
healthy::1844::vowels::a_n,ok,,0.6509811771009316,0.19210736983201204,0.40824951337548326,0.9697295040958749,-1.588647501714544,2.139631209283439,0.6955934638886773,0.3266411501839426,0.845620252022453,0.5516765149827115,0.9865315101020853,0.3855273742947085,40,20
healthy::1845::vowels::a_n,ok,,0.38595248782251557,0.14560781251918084,0.19791862271904806,0.6170211092006731,-1.447577238138132,1.2811923634652451,0.4115016421749962,0.24034205266849254,0.6280645373854008,0.31128853956202307,0.9880884396889216,0.4107160881392059,40,20
healthy::1846::vowels::a_n,ok,,0.5170608881988117,0.14557593461976628,0.3410681491845332,0.7579937139189791,-1.44415644163668,1.6965475809003876,0.5555988697867886,0.2409865239108989,0.6307282900222462,0.43232813820406535,0.9901924852025632,0.31162823317928606,40,20
healthy::1847::vowels::a_n,ok,,0.4969957537491642,0.11689324694290695,0.3565278859375985,0.7016698521389234,-1.3554958768949366,1.6235495938820126,0.5349220483735219,0.20468233680696926,0.5511332370159425,0.43000968590003386,0.9930890872977953,0.3050014467724941,40,20
healthy::1848::vowels::a_n,ok,,0.669302464453712,0.14980530459652397,0.4945093066811926,0.9182560779155946,-1.4550392329135629,2.171824318125457,0.7133001760456293,0.2444096266048081,0.6259196389096813,0.578061105724267,0.9908401926101922,0.2687421546815709,40,20
healthy::1849::vowels::a_n,ok,,0.6561436529286169,0.227129428163726,0.3485034676193683,1.0014460167831887,-1.7007263147952902,2.1321611847489503,0.6783156723208269,0.37207757613117187,0.9590984047804003,0.7335042700430456,0.9781704769013395,1.0927303314082637,40,20
healthy::1850::vowels::a_n,ok,,0.6813281828035729,0.1224340108910863,0.5042137636590723,0.8834501279484452,-1.3790588250236953,2.155208873803738,0.6962696536430095,0.22585311994995425,0.6319612228797986,0.6349158878611219,0.9906265494794746,0.572033801378498,40,20
healthy::1851::vowels::a_n,ok,,0.49774350748624324,0.2093898314007279,0.2558767522986016,0.8510270042752706,-1.634965855069717,1.7184000584988521,0.5633222126541498,0.3452818753012175,0.8748652846060163,0.37027715529193017,0.9872621283656051,0.263707301109938,40,20
healthy::1852::vowels::a_n,ok,,0.5226518343311162,0.12338031236049087,0.3648360190693627,0.7346065567277346,-1.3771186211782012,1.6998900420994547,0.5544954047924177,0.21897231889261937,0.5945536232236246,0.45791404530577107,0.9931218810674949,0.4099982341084137,40,20
healthy::1853::vowels::a_n,ok,,0.4403797041666688,0.17791954858148434,0.23622852214492038,0.740665753750434,-1.5393572005936842,1.512225425226394,0.4971014977247835,0.29252860805485015,0.738203834982873,0.33196722070603,0.9890526414601809,0.24909838434409118,40,20
healthy::1854::vowels::a_n,ok,,0.624644700919261,0.24055029793723878,0.3375878029749092,1.0075203289942116,-1.7330984313797402,2.0993518414628984,0.6813500052065835,0.38032413833266265,0.9534064064552066,0.4809130521342311,0.98290142061535,0.30468666969129893,40,20
healthy::1855::vowels::a_n,ok,,0.41551510493453936,0.1493031565080619,0.23998066411186444,0.667511120910969,-1.45490436010104,1.400209752674367,0.46056533782990394,0.24857783389446578,0.6275121535100292,0.33056135606813475,0.988859719629082,0.26257100398100974,40,20
healthy::1856::vowels::a_n,ok,,0.4667483601010048,0.1262671425488035,0.30517224071383725,0.6802789752030795,-1.387066839262179,1.5254604543584553,0.4974012734341865,0.2204848205341265,0.5970270680938223,0.4004662021805123,0.9915510464654348,0.3941036895247253,40,20
healthy::1857::vowels::a_n,ok,,0.4969942022919037,0.1253186793233302,0.346607020603818,0.7229765102415218,-1.3815200197002797,1.6333221869261247,0.5416558004337,0.22663028444376118,0.6149872314576257,0.42770217751550954,0.9915573287145591,0.2789386580159356,40,20
healthy::1858::vowels::a_n,ok,,0.3738171923115929,0.073565536082389,0.28104543994695547,0.4978748160135629,-1.225667850053139,1.1982612813204798,0.3924949114121758,0.12718707016668435,0.3447688396419042,0.335112860462341,0.9944317067584818,0.3424295759037378,40,20
healthy::1859::vowels::a_n,ok,,0.7937256286501111,0.20855453561526263,0.4897599007438317,1.1131747845343631,-1.6458843896425335,2.5262123770931084,0.8030874899295286,0.3621150200871712,0.9642811880866464,0.7197810858861707,0.9824476403176166,0.6535114066462111,40,20
healthy::1860::vowels::a_n,ok,,0.3875859432299827,0.08970790688660399,0.2774191253629971,0.545783048752807,-1.2736456162179133,1.2628816175065978,0.4159692366717109,0.16007412445487035,0.43416606523098444,0.3388895865352133,0.9942562690480754,0.3202883553356909,40,20
healthy::1865::vowels::a_n,ok,,0.6288220428109852,0.14076419303688212,0.44100737840472903,0.8578832227939023,-1.433980200625555,2.013484525208911,0.6533772997410026,0.2427660980451255,0.6506632196845041,0.5631516488943212,0.9886444149194185,0.4439000325606661,40,20
healthy::1870::vowels::a_n,ok,,0.4106989824341344,0.12445706952907082,0.262153951560429,0.6274774967754845,-1.3787042560810705,1.3667316462985095,0.45101731591264904,0.21589461011121863,0.5768028856005682,0.3385624663650736,0.9921592985614862,0.28968774124868,40,20
healthy::1871::vowels::a_n,ok,,0.6412447631451322,0.2344250521203138,0.34673562987268086,1.0105981886755915,-1.7190054362145997,2.123832454296952,0.6854967242874901,0.3780304039643175,0.9674751864745779,0.514736818969537,0.9796646470531394,0.36744007873235635,40,20
healthy::1872::vowels::a_n,ok,,0.4836283400670083,0.14590282862892412,0.30520838484540214,0.7392224225785613,-1.4450043848601613,1.6073110463411764,0.5291246929311499,0.2578591580787708,0.691087788368101,0.4041361274358912,0.9904856433385915,0.3188910772197228,40,20
healthy::1873::vowels::a_n,ok,,0.5802430403233662,0.16412172368789682,0.4177025498944468,0.8730441964127623,-1.4879535528624692,1.9505080482500332,0.6572229439947231,0.27010449664806546,0.6772303407424438,0.4632381226830784,0.991211293582092,0.0953884392389093,40,20
healthy::1874::vowels::a_n,ok,,0.689477832843725,0.12630441817652174,0.5264185179768978,0.9016512833847655,-1.3876117695687893,2.203549353313954,0.7184488628348584,0.2202876408656367,0.6019388991005448,0.6233304332672087,0.9911218631625381,0.4080221234238236,40,20
healthy::1875::vowels::a_n,ok,,0.4685174379456495,0.17853551159966685,0.25917861804198566,0.7729878883247305,-1.5432649729466827,1.5925672898418628,0.5246372583750873,0.3000295221797776,0.7769171482125969,0.3628425776151776,0.9874670164383289,0.2623739733422886,40,20
healthy::1876::vowels::a_n,ok,,0.6482339490187969,0.2354235689781799,0.3490142760674469,1.0055353699798966,-1.7223116918195216,2.128605980410417,0.6826557786365877,0.3695782260582842,0.9314040762361304,0.5231385633208678,0.9779591550174845,0.3946302644765871,40,20
healthy::1877::vowels::a_n,ok,,0.5750221139776044,0.2205160641975646,0.28579448703958527,0.9176206977171435,-1.6787791380094723,1.8990114184670766,0.6065856950776545,0.3604765018099097,0.9362456608310938,0.4658538128406906,0.9797615911448164,0.4388086462153115,40,20
healthy::1878::vowels::a_n,ok,,0.4446579125767335,0.13341189751511065,0.2721395065257472,0.6741335880716833,-1.4097636854400721,1.4642672096423153,0.47824608017949555,0.23844126688688055,0.6455881125899032,0.3792813352327209,0.9901700825350971,0.3868776565941595,40,20
healthy::1879::vowels::a_n,ok,,0.5484256867074448,0.14137659511453193,0.3748994425941574,0.7856602819225941,-1.4325518027321842,1.7873676151599762,0.5861319387511161,0.2392990383711164,0.6269667974211068,0.47115610059532553,0.9894381489626097,0.3181271531415672,40,20
healthy::1880::vowels::a_n,ok,,0.5646962301351817,0.20820241885050705,0.32224886584820717,0.9043297306451232,-1.63267597539985,1.902369049848816,0.6222966854474586,0.33296146978574975,0.8341968195657476,0.4380894975328329,0.9865432689892533,0.26765298115193925,40,20
healthy::1881::vowels::a_n,ok,,0.47825935338903136,0.08313334140906609,0.3849134306021941,0.6390996546032545,-1.2493440100272064,1.5532982097635992,0.5182016127286344,0.1587171781689126,0.442767721858611,0.42864379987865275,0.9957375413150987,0.21549938691547252,40,20
healthy::1882::vowels::a_n,ok,,0.5802669424785438,0.16530738281660018,0.36657051069501057,0.8471061242180558,-1.5086606491177093,1.8842369211415857,0.611720105312728,0.27747296789430953,0.7266094105792797,0.49838724634850695,0.9854798391729109,0.3944169368874904,40,20
healthy::1883::vowels::a_n,ok,,0.3998841139680015,0.1351965723749762,0.24043955237079997,0.6301746685940425,-1.4104537049541115,1.345122413305746,0.44166947071995555,0.22763411583507043,0.5893812178761513,0.3202504302884388,0.9922132205544797,0.29246261722715533,40,20
healthy::1884::vowels::a_n,ok,,0.6064991628229902,0.10410907859753586,0.4686167975208882,0.7812352779054494,-1.3203614664815553,1.929695736018651,0.6283355450906691,0.18423639433157687,0.5087746028541185,0.5551625019706112,0.9923781989330281,0.4339634789840404,40,20
healthy::1885::vowels::a_n,ok,,0.5089890450532839,0.13581545399989148,0.34105689754126445,0.7369053841361176,-1.4146239027888174,1.6668463084016527,0.5444602044238451,0.2307509454290973,0.6073860364140407,0.43324926138363273,0.9920152059959654,0.35449030820035926,40,20
healthy::1886::vowels::a_n,ok,,0.7033639810190323,0.11843616581758616,0.5653090650455498,0.9230708179260677,-1.3570258227527006,2.272799648398882,0.7513341206125338,0.21815895812286365,0.5954310062194343,0.6345374416192157,0.9940919983925929,0.27650713726117465,40,20
healthy::1915::vowels::a_n,ok,,0.4636415338513392,0.13643027922907527,0.2905464135658626,0.6920479799693461,-1.4190376897456316,1.5181919134818793,0.4965104663212522,0.23488524346144526,0.629038732079791,0.3935847665839207,0.9887493248325112,0.34987697894444425,40,20
healthy::1916::vowels::a_n,ok,,0.43927522582852535,0.1498182678380973,0.24435028426494285,0.6680121472992616,-1.4605206709358496,1.4335079130114645,0.4593951519356979,0.2399091310086095,0.617809149432873,0.36235502783550255,0.9864796795616307,0.43168874161702536,40,20
healthy::1917::vowels::a_n,ok,,0.7102947964854038,0.1954991582368286,0.44457458107608033,1.0156162468140284,-1.6036044156390397,2.279821509058836,0.733911559511272,0.3287718400619693,0.8690703000907085,0.7753730973103856,0.9815233409930166,0.9950082083681708,40,20
healthy::1918::vowels::a_n,ok,,0.6863105979372879,0.24420477428550036,0.3740036748923129,1.06056019230847,-1.7497765040841524,2.254645498384579,0.7228692826852485,0.3880805321547894,0.9810406370256928,0.5581137389238517,0.9780796354840579,0.410769192092639,40,20
healthy::1919::vowels::a_n,ok,,0.5117760318594939,0.2544646114170387,0.21577512047570468,0.9264412159035363,-1.7726843454236039,1.7975260328825982,0.5818009114809135,0.40636971913149084,1.0124522087846861,0.35625185894972544,0.9837518150666826,0.27662078800301054,40,20
healthy::1920::vowels::a_n,ok,,0.7064734497976657,0.16740440553507263,0.5025659587486375,0.9690612957174152,-1.5115941001723383,2.2746543552350875,0.7413807573913904,0.2641661944620898,0.6732952627056257,0.6093520405495068,0.9862964300691917,0.3206843563833174,40,20
healthy::1921::vowels::a_n,ok,,0.6987161959967801,0.23859598558684497,0.40398320475239013,1.077997396671923,-1.7301837098065125,2.311928922769551,0.7485772386532762,0.38406554528090875,0.9689955206919505,0.566222962497428,0.9817355292427469,0.3546937680543162,40,20
healthy::1922::vowels::a_n,ok,,0.4399035333689542,0.1431748550443063,0.2748165333881405,0.6955990244148302,-1.43322799472414,1.485195025249879,0.4933372880237811,0.251066003263774,0.6643680079359431,0.35481709986875454,0.9917792717003836,0.2509303913943458,40,20
healthy::1923::vowels::a_n,ok,,0.49765649727479244,0.17322596639288193,0.2897906700162328,0.789166547396441,-1.528538988709006,1.6672347445675126,0.5470226424940752,0.2905384138557334,0.7570573058928622,0.3981063433763007,0.9872739807990771,0.29403511886265227,40,20
healthy::1924::vowels::a_n,ok,,0.5209491615960449,0.12963513800260426,0.3605024191929625,0.7375006511457856,-1.3961598028346693,1.6949310411829066,0.5541334766385078,0.21947139345664793,0.5864787055476657,0.4476220054650304,0.9914081808718912,0.3508699831328103,40,20
healthy::1925::vowels::a_n,ok,,0.38130986465764566,0.07718275796943565,0.29259588010089943,0.5207763663736193,-1.2333797025424442,1.2406326244203316,0.4113916539768234,0.13707350641311208,0.3708765148365609,0.3350457453020925,0.9956683166630751,0.2408532358990093,40,20
healthy::1926::vowels::a_n,ok,,0.4865011915542013,0.13459116550306252,0.32266382234649693,0.7113577251454581,-1.4113998324530939,1.5935858423084879,0.5226297108559519,0.22578740764477606,0.5901838402320356,0.4111072235996084,0.9899932914547167,0.30916424122459607,40,20
healthy::1947::vowels::a_n,ok,,0.3806500930685169,0.09833209673123229,0.25307484488652876,0.5546337281102041,-1.30215444643648,1.2402333331348578,0.4084195931705727,0.18194302383382094,0.5166113703273751,0.3323283027777548,0.9924703651637493,0.35555765154349006,40,20
healthy::1956::vowels::a_n,ok,,0.6685419862811881,0.19151587763295308,0.4099976494624362,0.9718957004595113,-1.590945953272032,2.1601484197019643,0.6950343747286973,0.3245090995190257,0.8586415041370934,0.5812671021922482,0.9834369679591156,0.48375401875798013,40,20
healthy::1969::vowels::a_n,ok,,0.6368919240572289,0.12002199498716579,0.4869287021865571,0.8448791544242564,-1.366889565530644,2.047255159757955,0.6711928780702824,0.21211372447582463,0.5769653843727962,0.5720445423249403,0.9922767890313496,0.34944006956141005,40,20
healthy::1974::vowels::a_n,ok,,0.5017966921449655,0.16427533997925992,0.30595273209273827,0.7895713441461525,-1.4994774361019187,1.6858108991189116,0.5557667772523304,0.286514548029328,0.7543974256193988,0.4082408053786234,0.9896247584573126,0.29550838557846515,40,20
healthy::1995::vowels::a_n,ok,,0.30774624546348656,0.08019270863479526,0.20617462279315674,0.445970264434673,-1.245814390128427,1.004400469866553,0.32948965257618773,0.1420757843862868,0.38914927322035653,0.26580611795728804,0.994244573066914,0.35407526182360105,40,20
healthy::1996::vowels::a_n,ok,,0.46702128906468604,0.11920019049552383,0.3090944666690519,0.6556121405231605,-1.367123082109322,1.5015582714029947,0.48529325373796023,0.19944609663768076,0.5312383707869293,0.40844322366462504,0.9900382971381181,0.44942326121572107,40,20
healthy::2018::vowels::a_n,ok,,0.3756556044500552,0.17856184269633318,0.16945410847487163,0.6669866048816666,-1.542471803515629,1.3080615229451162,0.4259314182171325,0.2844211802229058,0.7088542075143753,0.26568500958523367,0.9873709494447364,0.2523081940950148,40,20
healthy::2036::vowels::a_n,ok,,0.6878169076028869,0.13824767834134308,0.5191171624380958,0.9211757923966991,-1.4225007955562572,2.2136143667700345,0.7261040425381021,0.2347293947003007,0.6201775109001328,0.6107300521074939,0.9900142322915384,0.3129383766779908,40,20
healthy::2037::vowels::a_n,ok,,0.487154301150754,0.17433011920071814,0.2760197951530747,0.7749841911310681,-1.5320631121356612,1.6324889274239667,0.5324470455711612,0.28807327869104443,0.7451379649658474,0.3866368096188977,0.987967172741549,0.3185722987912857,40,20
healthy::2038::vowels::a_n,ok,,0.6920423942607246,0.14606410668829564,0.5013293275287295,0.9453181678714107,-1.4482964399291431,2.2296380668034588,0.7291077435368638,0.2650268732749972,0.7461005259982469,0.6175578111742922,0.9902012247370324,0.40591304184908306,40,20
healthy::2039::vowels::a_n,ok,,0.3761038008317682,0.10777790837887508,0.22617894808389027,0.5441300769867582,-1.332971287918928,1.2097711617890519,0.3868925128585074,0.183851347257563,0.4985010179118725,0.32831592483461636,0.990610545400415,0.5438558741509983,40,20
healthy::2040::vowels::a_n,ok,,0.5790394711652541,0.10226197795727611,0.44913470769015623,0.755097222231559,-1.3132627450147432,1.852802296323091,0.606424368708282,0.18120843966306954,0.49719722417263146,0.5252340365435479,0.9932156541915338,0.36656532866236297,40,20
healthy::2041::vowels::a_n,ok,,0.539894644589459,0.1648177742707604,0.33772622045523704,0.8176040828230808,-1.5033793607449302,1.7866510510718647,0.5844984402366962,0.27987855169571363,0.7325810044767929,0.44808155743101397,0.9893646185819559,0.33290627326843303,40,20
healthy::2042::vowels::a_n,ok,,0.542789761655524,0.14059404750905877,0.37866670529442137,0.7847685774176334,-1.4260184659090895,1.786632252324356,0.5888999128234886,0.2381025872975784,0.6272834827192759,0.4571443683534049,0.9926145801508677,0.27647933273459335,40,20
healthy::2043::vowels::a_n,ok,,0.5625536784536725,0.12453375876161979,0.40434504734609966,0.7874139071468844,-1.380647748248494,1.8279347023091121,0.6017640871029378,0.23209675838575422,0.6389008942355461,0.5006514477374295,0.9919158660254851,0.3585418595769347,40,20
healthy::2044::vowels::a_n,ok,,0.5560436604407885,0.05139292484792446,0.4904541637197375,0.668012589623254,-1.1104872087645414,1.8210900292287664,0.6167130479048918,0.09639885701410397,0.30121600870437004,0.5685132280659511,1.0996872859567461,0.29178897304442014,40,20
healthy::2045::vowels::a_n,ok,,0.6224594655128547,0.035703776155036684,0.5766447167933789,0.7077256760802941,-1.0657547848390203,2.0023328442963417,0.6696238887705419,0.08120038766812294,0.25334206530837566,0.6322839815327692,1.0512663692810165,0.21588835055658112,40,20
healthy::2046::vowels::a_n,ok,,0.6306461536487595,0.14553904925232622,0.45878184126690863,0.8870984680874658,-1.440669291358717,2.0649445907262933,0.6803780701397225,0.2543349502939447,0.6711861143946329,0.5459285787178776,0.9926273706220944,0.29917948504907665,40,20
healthy::2047::vowels::a_n,ok,,0.5459328742782596,0.1513188749450778,0.3472681777545075,0.7808682719161063,-1.4653776929115125,1.7603630115188182,0.5675825522646416,0.24751683540549338,0.656357760310295,0.4680175790339559,0.9871601984260905,0.4436427562716401,40,20
healthy::2048::vowels::a_n,ok,,0.7898047475342771,0.21069774147510373,0.5002286225225046,1.1162132910628986,-1.6507042980394897,2.528786152009844,0.8117594028974404,0.35434794398996816,0.9403855098570792,0.6974302102139477,0.9808148828261429,0.5182591836298729,40,20
healthy::2049::vowels::a_n,ok,,0.5831139116506135,0.200401241326624,0.3343301008023548,0.9165088438939172,-1.6137173323784062,1.9418559905058663,0.632968827441363,0.33823648234888587,0.8819603181457025,0.4749687741158144,0.9848619659788629,0.3435239210825287,40,20
healthy::2050::vowels::a_n,ok,,0.5962728279697169,0.16211872975452246,0.3862458367902446,0.8640455138393562,-1.49787983642634,1.9428979077045243,0.6301276686705735,0.27841130236355016,0.7294531694161321,0.5154475188899598,0.98856315920108,0.4256681797214208,40,20
healthy::2051::vowels::a_n,ok,,0.354766233828077,0.12726983890796587,0.1875299583365514,0.5679869027472528,-1.3917386911411633,1.179768855735189,0.38206945693745575,0.22374974131635492,0.6108923295240765,0.2927028052395213,0.9900432788931469,0.41014491898829225,40,20
healthy::2052::vowels::a_n,ok,,0.5147967722913551,0.060026272148351795,0.41271738864523394,0.5924018287277047,-0.9049160414064978,1.7115302667309156,0.5838803720198117,0.07195780497126618,0.2514618179545536,0.6381913530496646,1.1780010535493768,5.304885344663425,40,20
healthy::2053::vowels::a_n,ok,,0.6019875786307584,0.06538471897159077,0.5457124938123014,0.7392345523707752,-1.1764327737381408,1.9535447542519393,0.6534057315806753,0.12570767949108383,0.3407206987697009,0.5632155749989767,1.0131525209228842,0.09159562805047165,40,20
healthy::2054::vowels::a_n,ok,,0.35559386104070245,0.126877988323467,0.19893309223298977,0.5640231598534304,-1.388099358670945,1.1867617657261913,0.38635597467080557,0.21093288547295924,0.5564736474141951,0.28404677466564543,0.9909593722439433,0.3374400528963791,40,20
healthy::2084::vowels::a_n,ok,,0.5473078938732014,0.19654086482011496,0.30914237991933224,0.8572815424545454,-1.6000908779422391,1.8184196974611875,0.5899872478924377,0.310668144674102,0.7873186100331031,0.43208874046313583,0.985267329175924,0.3201373690738869,40,20
healthy::2108::vowels::a_n,ok,,0.8964689895362443,0.2223600749598203,0.6273445620295118,1.257521793942429,-1.6775952383058503,2.9155888399427377,0.9508773422266694,0.3613286711457308,0.9227568980238363,0.7662438261747602,0.9866335562931671,0.3360125917097723,40,20
healthy::2142::vowels::a_n,ok,,0.37256202970494645,0.09348985914770526,0.2568534775664661,0.5391813196728347,-1.285236910632008,1.2211006285025927,0.40266023313861743,0.16949718246615914,0.46710737806482383,0.3221993865212429,0.9940786631084835,0.3283269358621153,40,20
healthy::2162::vowels::a_n,ok,,0.4951207220343396,0.15388363320248563,0.3025956769189641,0.737987213168874,-1.471672114321342,1.6181981848235103,0.5252006862580831,0.2479730435726804,0.6398469241480162,0.4106094292198661,0.9875032599407666,0.35149822591788754,40,20
healthy::2163::vowels::a_n,ok,,0.558972841321602,0.18140388399586782,0.3420956976352764,0.8562522665905663,-1.5527687396613317,1.8557578384694027,0.6065979821985944,0.2954774583197878,0.7587190213987629,0.45156114565055605,0.9879416989353438,0.30245378645151294,40,20
healthy::2164::vowels::a_n,ok,,0.54015588762172,0.13116591338357467,0.3659068860689401,0.7631360824503154,-1.4037822410396417,1.746590391884869,0.5689904529806131,0.235418415935333,0.6452328774483833,0.4785498700346038,0.9903056231695352,0.4284494153448288,40,20
healthy::2165::vowels::a_n,ok,,0.6764378297633005,0.14557888696769267,0.5048938587564578,0.9242917027917129,-1.4426970405760786,2.193614620844931,0.7215653131112618,0.24480444828891035,0.6331976313762304,0.5912485983688932,0.9908002747731153,0.27553352104424456,40,20
healthy::2166::vowels::a_n,ok,,0.5231057056624104,0.14429012233037194,0.34233188984104257,0.7571233069209896,-1.4431629849812695,1.6980316976657197,0.554672615544453,0.23909104627013822,0.6178479320343433,0.44911292126882263,0.9866073632529182,0.3339609185558186,40,20
healthy::2167::vowels::a_n,ok,,0.511267436166764,0.154496436800772,0.32308503929785526,0.7706153621990373,-1.4721166810245205,1.6877512865695121,0.5534092976554048,0.2604579103780348,0.6816264525304416,0.4247241714045331,0.9889962967341936,0.3107876297393508,40,20
healthy::2168::vowels::a_n,ok,,0.5212544435205617,0.1432101572882923,0.3535645261484483,0.7713441885540456,-1.4341006648279888,1.7263955024098625,0.5699000202822705,0.24672977849935201,0.6438974796467725,0.4377450892842054,0.9921415425513547,0.2752707211232583,40,20
healthy::2169::vowels::a_n,ok,,0.6444324441849262,0.17865501137949896,0.42059583677731555,0.9290922922403132,-1.5472170825007312,2.0957324097030816,0.6806021713815864,0.29067881247941446,0.7545023153274304,0.5455015377425894,0.9869086003406127,0.370410975332755,40,20
healthy::2170::vowels::a_n,ok,,0.5253236329327977,0.1500930737996034,0.331322114849755,0.7615514669394943,-1.4615781016928644,1.7000683479663814,0.5504073666589435,0.2461832513241649,0.6455497706405389,0.44888838637066075,0.9861449370799019,0.40179894765115537,40,20
healthy::2171::vowels::a_n,ok,,0.3589301686644456,0.11158263028145984,0.22562902541575294,0.5511835497010006,-1.33980984073292,1.1945938269026355,0.39390040507902385,0.19147311954827026,0.5118216787011636,0.2939848015975466,0.99279636112914,0.2861583567178654,40,20
healthy::2172::vowels::a_n,ok,,0.5016934564296012,0.16520637645005973,0.29032524767050905,0.7639613047236026,-1.5074882795763167,1.6453762615013872,0.5318940202817506,0.27129824313401324,0.7090569189802953,0.4151740968956231,0.9859542683082301,0.3915890708059076,40,20
healthy::2173::vowels::a_n,ok,,0.5713401808890323,0.14484063195598273,0.3862842251502458,0.8199746934164771,-1.4442910332806362,1.8601229527719212,0.6089201506171048,0.2565704844581054,0.6956759302699997,0.49717784704782586,0.9896846305911269,0.3716583752893315,40,20
healthy::2174::vowels::a_n,ok,,0.5367051642676849,0.15276879549373637,0.35790048255197354,0.7991277585008729,-1.4635845898942972,1.7784848984791153,0.5860767409318044,0.2584831462428321,0.6689489001581657,0.44667164180211993,0.9911239307013316,0.2755108753888817,40,20
healthy::2175::vowels::a_n,ok,,0.35418050917275357,0.09311294732341194,0.22421766342976265,0.5013788594247113,-1.2877471116606685,1.134966371160316,0.36448471509541164,0.16134004878663397,0.44712970637008986,0.3130312824100563,0.9918148408714099,0.5361992489310639,40,20
healthy::2176::vowels::a_n,ok,,0.6319343165595785,0.17908598671146178,0.4024140216951436,0.9194818270346428,-1.5498964756400926,2.0558686051430293,0.666400583470778,0.29746511823782135,0.7802776489269849,0.5381471545428379,0.9864856032428264,0.40021107415477036,40,20
healthy::2177::vowels::a_n,ok,,0.3695868201014503,0.11698940385595846,0.2181017794210301,0.5571247573224886,-1.3598537441539604,1.2081562221874824,0.39102495973374574,0.1953438924851873,0.5165377735615797,0.3104398655170084,0.9899925897546163,0.4010456295647762,40,20
healthy::2178::vowels::a_n,ok,,0.4028163329633787,0.10904227246811996,0.2645872763116714,0.5903912315274008,-1.3344380712998163,1.3172045051525567,0.43215643325962516,0.19292275394903635,0.5266056203438931,0.3468113337859152,0.9919510629045218,0.3493555226615563,40,20
healthy::2179::vowels::a_n,ok,,0.41739944988878513,0.12816471737510843,0.2661930675878302,0.6384070950576732,-1.3899914415739896,1.3893818768628265,0.45862630518061387,0.21861525210649319,0.5703087883115394,0.34319996319634194,0.9914568444404466,0.27030888259227415,40,20
healthy::2180::vowels::a_n,ok,,0.48709580822931275,0.15635695799495974,0.312013231598708,0.7705356379537932,-1.4697337124056402,1.6537746216393665,0.5507227979880616,0.2753346691592547,0.7178763899709528,0.3921243739371749,0.9923705734966257,0.2350189973329714,40,20
healthy::2181::vowels::a_n,ok,,0.6628640992465884,0.24660307333992282,0.35992014360990365,1.0406061792661894,-1.7536834270363542,2.197985528562481,0.7073105621242559,0.3824454442897143,0.9485976060778949,0.522083487774406,0.9805315250230187,0.35376648682629463,40,20
healthy::2195::vowels::a_n,ok,,0.48765126184800345,0.1497450879992589,0.2936215654750425,0.731841599204327,-1.4606868805324902,1.5949013844721909,0.5171128530337871,0.25415972234153933,0.671788277105184,0.4127882529663762,0.9869622675430645,0.40582779633906213,40,20
healthy::2196::vowels::a_n,ok,,0.3996347807804473,0.12438815724863259,0.2462709249717222,0.6039123420518879,-1.3810402410714635,1.3151698098892874,0.42988271559887253,0.206615552158331,0.537045991386516,0.33211561979224224,0.9899593700850375,0.3195552258042681,40,20
healthy::2197::vowels::a_n,ok,,0.7618758931996851,0.2832972477951073,0.40039963568838555,1.1810598885893482,-1.8685322778442202,2.495806940366597,0.7961686015911009,0.4360688415204877,1.0859183331438693,0.6108313696537573,0.9733045283312095,0.41413597676529557,40,20
healthy::2198::vowels::a_n,ok,,0.4170893628838933,0.09022863714462719,0.3241600317877669,0.5860331644586281,-1.2694676574579726,1.373516215224296,0.4622117003987924,0.16003759183257965,0.4218034930474941,0.3578866990932642,0.9947490003140871,0.1191659439236986,40,20
healthy::2199::vowels::a_n,ok,,0.5366743095542577,0.16209821237631267,0.35369265077071693,0.80915294292341,-1.4901537218544312,1.786905579438664,0.5895856587857691,0.2633922587275452,0.667317263905002,0.43397225737319356,0.9904738901389771,0.23380165459604887,40,20
healthy::2200::vowels::a_n,ok,,0.6400416761659455,0.17803500550460075,0.4453802848359971,0.9246035710349702,-1.5376502695435965,2.1016151653899673,0.6934337422261571,0.27064527182284054,0.6609580595965463,0.5202727883903239,0.9867501932779039,0.17343316724516655,40,20
healthy::2201::vowels::a_n,ok,,0.6635602232852156,0.11751569281721684,0.5257222819990536,0.8742686918766698,-1.3559697380576259,2.141635444216589,0.7065062968196292,0.20869118223290084,0.5588559022770747,0.5951893518688668,0.9933962098154046,0.27426143017033044,40,20
healthy::2202::vowels::a_n,ok,,0.5178464456534486,0.18015291605410944,0.2953240968150196,0.8180390745858094,-1.5510900702443862,1.73012613289452,0.5635813147928393,0.3037163193285577,0.7852970172695044,0.42063314006643493,0.9871362395526501,0.3433420512625515,40,20
healthy::2203::vowels::a_n,ok,,0.6059182574945237,0.12498207757548148,0.4610701668227546,0.8250854715061909,-1.3794998952151016,1.9654419991175842,0.6499392549310608,0.21534163699854283,0.5666095863854848,0.5321354647148894,0.9918386375283699,0.24112057674201964,40,20
healthy::2204::vowels::a_n,ok,,0.6255842789256654,0.15217372986986277,0.4494834478302559,0.8744418592378608,-1.4632456320093703,2.03120131402436,0.6687597649875595,0.24351764402105294,0.6172806085864622,0.5330352511415141,0.9873684685349282,0.2323416811417461,40,20
healthy::2205::vowels::a_n,ok,,0.4991390482441929,0.1633726577678636,0.30123909128287596,0.7621067965518454,-1.4988979485372143,1.6514150939741652,0.5376289182161316,0.2632878014140333,0.6666022949370665,0.4053006665093075,0.9880938033326783,0.32059915809825024,40,20
healthy::2206::vowels::a_n,ok,,0.5654171593654245,0.09880812334244544,0.4533332306161506,0.7435055299979005,-1.2983915628908271,1.8264128828332802,0.6044989107100045,0.1738800583733965,0.4648625637190813,0.5053444138307321,0.9944349441622525,0.22676536572384437,40,20
healthy::2207::vowels::a_n,ok,,0.556232956583057,0.14177843902265916,0.377973200251507,0.7962917655525811,-1.4345176779122046,1.8106200938372083,0.5928957989119856,0.24540185016513702,0.6552143586344519,0.4816452042990085,0.9899065064744658,0.3488026894880057,40,20
healthy::2208::vowels::a_n,ok,,0.5757794139049544,0.1402852214632668,0.42783227296103926,0.8399813470439031,-1.4180878779071402,1.917034466007022,0.6443341859492185,0.25232733590360307,0.6651927820487553,0.4852678929643752,0.9932979864321962,0.1624743578496026,40,20
healthy::2209::vowels::a_n,ok,,0.5748187295414362,0.19877845731978347,0.3403172975903474,0.9110311515919776,-1.6049911868905475,1.9317330568570414,0.6347314467164182,0.3322839137790623,0.8518550361843511,0.4596321803404959,0.9861187685976638,0.2780746474515181,40,20
healthy::2210::vowels::a_n,ok,,0.4277737972099123,0.1444883115613713,0.25339321815865484,0.6726740918559367,-1.4402991376625907,1.4330748387021823,0.469391545144678,0.24480931963157498,0.6387959820616946,0.3455351647325201,0.9909356414670012,0.31453338108308776,40,20
healthy::2244::vowels::a_n,ok,,0.48118267107074475,0.17108296266596498,0.292917880796867,0.7877124211816644,-1.5135134222580557,1.6528449743811284,0.5505479755689022,0.2949690810308186,0.7522144854496968,0.37471772493548716,0.9914337328550498,0.21519505521204502,40,20
healthy::2248::vowels::a_n,ok,,0.49785844351126995,0.1324263668195311,0.3223023198437856,0.7150320881920212,-1.4079784316016482,1.6109353792727374,0.5226463697293963,0.22927748153954047,0.6214681405812592,0.43447641586108043,0.9894248850350629,0.43197637207288847,40,20
healthy::2249::vowels::a_n,ok,,0.7225138407029374,0.18939857611416047,0.45011235501663,1.0059776572861223,-1.5857237558794968,2.2903999547119613,0.7292564737430065,0.31982158913088843,0.8537354030866773,0.7953116424949177,0.9836315243083618,1.2244474639271796,40,20
healthy::2250::vowels::a_n,ok,,0.5891141207770046,0.12936505762878592,0.42965659348358315,0.8100961921936011,-1.396361331557678,1.901934686435032,0.6257372366040266,0.2237685048627739,0.5927472577752777,0.5213975439430393,0.9898296041664785,0.30014266057922573,40,20
healthy::2251::vowels::a_n,ok,,0.7688694467006245,0.23590788782339994,0.44522157704054377,1.1135235397742442,-1.7271709347498578,2.4601098818635805,0.7813869395945587,0.3772861829091999,0.9653657929552493,0.8622926176734217,0.9768211380158869,1.2592548131091987,40,20
healthy::2252::vowels::a_n,ok,,0.5394788301941049,0.1295504835525299,0.3725733685440144,0.7531963030790746,-1.398259535631141,1.7403308823150878,0.5672567973163931,0.22162749259680886,0.5912819437980956,0.474023693592155,0.9896694074631482,0.38660164365147953,40,20
healthy::2253::vowels::a_n,ok,,0.4793219736509381,0.0897551872959369,0.3577866720071596,0.6433419066309652,-1.275640407508149,1.5381432967165385,0.5045351855126756,0.17606057315251739,0.5166496724855016,0.4384097983684251,0.9940591859399246,0.4270063941133889,40,20
healthy::2254::vowels::a_n,ok,,0.5650782303823321,0.1520016694491553,0.3633646994325394,0.8038795767472049,-1.4683997062225858,1.8169260063357084,0.5871154424825672,0.25309515732440624,0.6727131758192475,0.4917152132983271,0.985499977046198,0.441152231392972,40,20
healthy::2255::vowels::a_n,ok,,0.6759357833499987,0.13046918718972916,0.5159184150183639,0.9007521564321388,-1.3982689311446759,2.176206914085158,0.7142524775422772,0.2269332759861941,0.6103248360009212,0.6031823428863912,0.9914949311825827,0.3249411023558828,40,20
healthy::2256::vowels::a_n,ok,,0.5020953538455531,0.11288273731892,0.3480402956136062,0.6821459101610917,-1.3486257085160225,1.5996809565136063,0.5177525263542676,0.1941797799929164,0.5285953706475546,0.45190652508453366,0.9897716480699348,0.4710211967685934,40,20
healthy::2257::vowels::a_n,ok,,0.4648967497363822,0.13942473903916844,0.2967559507632736,0.6995290252524268,-1.4249510874467513,1.5390832126003111,0.5042400956598614,0.23439251097080852,0.6019975011270549,0.3868474876272454,0.9913722583308815,0.31021035396275254,40,20
healthy::2258::vowels::a_n,ok,,0.7015188246011731,0.11717997316070625,0.5739358777980202,0.9335881258489773,-1.3483099802830265,2.2830823508853095,0.7630132526605395,0.22742498561451002,0.6214346975377589,0.6316251057414899,0.9948024678993751,0.19838552658914207,40,20
healthy::2259::vowels::a_n,ok,,0.667046271528568,0.14153271891427252,0.4766011065643192,0.9016713163631137,-1.4361547675740436,2.1362355297848894,0.6931921617001899,0.24964932274117024,0.6751698417298009,0.6014525329222015,0.989852296891206,0.4660860738294944,40,20
healthy::2260::vowels::a_n,ok,,0.5014837133925333,0.09676236695885546,0.37647735264450305,0.6563767022858715,-1.2979702607210057,1.592704936887134,0.5195252015270125,0.16151487250025973,0.4267363854493831,0.45534550263593776,0.9906699310108691,0.3632899500351517,40,20
healthy::2261::vowels::a_n,ok,,0.4985274189844482,0.1433864260028092,0.31341056354850977,0.72603785178354,-1.4408619297389849,1.617374857607002,0.5238070337751402,0.2366611664199474,0.6200915274789303,0.4253281954917142,0.9879585276807739,0.4001573391010423,40,20
healthy::2262::vowels::a_n,ok,,0.6237762412275775,0.2301440289583664,0.34952650353400033,1.0036957873487649,-1.7025256888052074,2.0937243516216806,0.6863314275206072,0.3771239862557763,0.9670453538660899,0.4901427407414669,0.9818784884925392,0.2753907823819382,40,20
healthy::2263::vowels::a_n,ok,,0.5160045283337549,0.12814786720282811,0.36949340439401385,0.7463840433813593,-1.3866916861539544,1.703882518149776,0.5655762891268818,0.22554708073587018,0.5978424563692424,0.4394137607662143,0.9935023241757012,0.24507235124518842,40,20
healthy::2264::vowels::a_n,ok,,0.6638370286811444,0.18586423976571903,0.44067230505035315,0.9667764906270627,-1.5671889289553604,2.171753210728494,0.7111590715340468,0.3019076412116309,0.7807692970396909,0.5542231535015866,0.9861021065062001,0.29684208484035074,40,20
healthy::2278::vowels::a_n,ok,,0.7919292640647074,0.2163039792103027,0.506323652591035,1.1250197458263553,-1.6661503483494666,2.547071961244644,0.8201433916301581,0.3522440076167551,0.9055175414880239,0.6878666338421966,0.9806522159203956,0.4547359048077728,40,20
healthy::2279::vowels::a_n,ok,,0.5643569029319478,0.1354224710038661,0.4017874084108328,0.8055090191559606,-1.4126509192644747,1.8455335980189311,0.6107336321002784,0.24142386294147408,0.6459835210678193,0.4894925289222434,0.9906561722476087,0.2798610555688505,40,20
healthy::2280::vowels::a_n,ok,,0.39524531019727455,0.0791413237916213,0.2882701175345401,0.5269436637602855,-1.2439651881962395,1.2617902398934082,0.40997220880682866,0.1407516876664181,0.39364669706376887,0.3575732709852355,0.9940122062418059,0.4616901529856715,40,20
healthy::2281::vowels::a_n,ok,,0.5943587232313817,0.12298891323883869,0.4399908968851093,0.8051109512693057,-1.3762305865068132,1.91677396613585,0.6276727281979054,0.21537402516279736,0.584452980075489,0.5279212192127933,0.991955416366886,0.3610840828965389,40,20
healthy::2282::vowels::a_n,ok,,0.5761001989376713,0.1558612537408791,0.38681653230741403,0.8340189845338501,-1.475593754126501,1.8855362754535694,0.6167245984509723,0.2585871373087757,0.6737128102443632,0.4864227271834174,0.9897101495266277,0.32438382778861163,40,20
healthy::2283::vowels::a_n,ok,,0.7009230763082888,0.12060556313425315,0.5632810578593167,0.9202162849714277,-1.364671104636407,2.2620883867345336,0.7492527672816769,0.2149960991044644,0.5764878204099579,0.6290569954851202,0.992825463737426,0.22654996536256714,40,20
healthy::2284::vowels::a_n,ok,,0.5101728823798651,0.2171132638694401,0.2646246181621046,0.8896796691231803,-1.6563003064649244,1.7805241696839371,0.5886898773678426,0.36849390716816777,0.9304648101765163,0.3798324315116621,0.9863478719026416,0.2328208823935602,40,20
healthy::2285::vowels::a_n,ok,,0.7469997170671078,0.1569521477677944,0.5618180773361093,1.003650313740965,-1.4777778193363003,2.408728182095197,0.7894575550996678,0.2533983641878442,0.6485107188769756,0.6526099508969104,0.9893653183093514,0.2790587056425955,40,20
healthy::2286::vowels::a_n,ok,,0.5703132328769673,0.09468783614955052,0.4533251713713036,0.745689625356609,-1.288868473075906,1.8302267390622307,0.6050386960106828,0.1793033238683371,0.5000068415156491,0.5221463545205571,0.9935932146993054,0.2918760937801364,40,20
healthy::2407::vowels::a_n,ok,,0.6165509590033283,0.15557199532491317,0.42622434631908407,0.8760681735043739,-1.4757582684130632,2.006940229269647,0.657459303840163,0.26122790245324967,0.6758240995731897,0.5318835279077243,0.9887391256516993,0.3209124020777285,40,20
healthy::2462::vowels::a_n,ok,,0.6762007628506822,0.24819607663841597,0.3672418738546259,1.049639983695099,-1.7593236403525356,2.223994297607587,0.7145867013336406,0.381803385096993,0.9575508330962887,0.5357984969915062,0.9776684351577422,0.3636103234707327,40,20
healthy::2478::vowels::a_n,ok,,0.7862061739401673,0.24859845008494874,0.46336006074646724,1.1592960171296955,-1.7640116309264904,2.5440121967588554,0.8158072196987096,0.3918000943562764,0.9904000760914018,0.6605348968783147,0.9747894743098956,0.4357032290133136,40,20
healthy::2495::vowels::a_n,ok,,0.5962390511757343,0.1771471599481922,0.38000123662946556,0.8924553267499455,-1.5412144036412792,1.9655047688829586,0.6434368645247849,0.29780112232277894,0.7786670416373451,0.4965261084393706,0.9874133827091205,0.3235226294218432,40,20
healthy::2532::vowels::a_n,ok,,0.5726138657837943,0.1506156226161592,0.42043586610940187,0.8314934935728517,-1.448924531938872,1.9038069387813532,0.6358444532610168,0.23912507756630297,0.5869861347102239,0.46633607359249973,0.9924271805821558,0.11418521758255487,40,20
healthy::2561::vowels::a_n,ok,,0.5333189421381044,0.13029951883941562,0.3521234766865889,0.73203541615186,-1.4024571023529886,1.697404712383083,0.5438311914599274,0.21794810823707045,0.5783307793069388,0.476440868798782,0.9884231300828463,0.5546404894654419,40,20
healthy::2576::vowels::a_n,ok,,0.668831358769924,0.23001364112700068,0.3992303284215668,1.056382794290366,-1.6989464271124923,2.249198113372457,0.7380750529230167,0.3816748815736998,0.9697052540494124,0.5329412862261942,0.984686873065887,0.2817787834690872,40,20
Funktionelle Dysphonie::350::vowels::a_n,ok,,0.5625031283837283,0.19427698464586005,0.3172404127101534,0.854765024349396,-1.5955237370719237,1.8359404054769102,0.5903961254657484,0.3014909600280822,0.758410198350405,0.45748830470292634,0.9806512294911763,0.3771331866332417,40,20
Funktionelle Dysphonie::351::vowels::a_n,ok,,0.5103256529330122,0.15448709917315118,0.30502222902182785,0.7553202159046016,-1.4762149741899517,1.6558537348243583,0.5338751509313996,0.2595873101382524,0.6887858095355286,0.4370873242188411,0.985937493593877,0.44627880723074986,40,20
Funktionelle Dysphonie::631::vowels::a_n,ok,,0.5968202469136614,0.14861359157071902,0.4165247344046423,0.8598210862908392,-1.4528555895883914,1.9558777962978364,0.6456741292483511,0.26454748412382045,0.7167275228768175,0.5143080572229172,0.9903907793187743,0.30372273100880415,40,20
Funktionelle Dysphonie::634::vowels::a_n,ok,,0.5367520543462125,0.14341838923319788,0.3510146429773143,0.7755391809775426,-1.4411422076394893,1.7435115085938246,0.5680039078365775,0.24830627984529002,0.6610126044986666,0.4662197436803144,0.9881496965400222,0.39480470551269525,40,20
Funktionelle Dysphonie::718::vowels::a_n,ok,,0.6476942184582934,0.1834300469024434,0.4129617822542607,0.9415135749459326,-1.5633426028186113,2.1052566470664513,0.6827741854669662,0.3037706935575821,0.7969872430549487,0.5516623076606884,0.9854344490997431,0.39427130695004053,40,20
Funktionelle Dysphonie::722::vowels::a_n,ok,,0.671271277961045,0.1531721095844041,0.47001991214214983,0.929440687165504,-1.4713601441947959,2.162318564248546,0.7050063067224996,0.27073479938251704,0.7335697800573673,0.5979551042767575,0.9885375330721969,0.4120447168802705,40,20
Funktionelle Dysphonie::723::vowels::a_n,ok,,0.6102608069009332,0.21827655318986866,0.328024086783939,0.9571112282326437,-1.6715911567814115,2.013239074666537,0.6483454037619045,0.36108669126591825,0.934489438806763,0.5024437232178526,0.9800608065930965,0.40747915218964786,40,20
Funktionelle Dysphonie::727::vowels::a_n,ok,,0.7255512679530358,0.17060134425655754,0.5187465160567357,1.00524461312119,-1.5205847291977341,2.350491551871952,0.7688364948451254,0.2801552136412713,0.730548536824319,0.6260005814021716,0.9885792358767855,0.3188466287203477,40,20
Funktionelle Dysphonie::729::vowels::a_n,ok,,0.5549935789893503,0.12163169061478799,0.4005415600122916,0.7618906839251085,-1.3731953174507812,1.7895609724135098,0.5860559427468088,0.21282790477734378,0.575385700116049,0.49220182971211046,0.9907643786697354,0.3593769484214269,40,20
Funktionelle Dysphonie::730::vowels::a_n,ok,,0.5828107802202017,0.18921575380386618,0.34333365991566595,0.8910054610806868,-1.580893975579065,1.9185824690259223,0.6234316591776994,0.3163622982334187,0.8290428447998917,0.48357857316539876,0.9842141591482323,0.367160836900616,40,20
Funktionelle Dysphonie::851::vowels::a_n,ok,,0.546524845490979,0.09011633448296877,0.4506543362278473,0.7109903625893612,-1.270966712222712,1.7644166008034916,0.5872835698716503,0.1568345595750117,0.4120687174126365,0.4894678342007084,0.9942180824791175,0.14920506792575425,40,20
Funktionelle Dysphonie::870::vowels::a_n,ok,,0.3960451579008345,0.13525615584342476,0.22849193088106315,0.6300713301910963,-1.4133627742833126,1.3281996047113658,0.43519605735390543,0.2374844078222472,0.6315127225029595,0.3243225500783704,0.9908296075994799,0.3371869733227025,40,20
Funktionelle Dysphonie::878::vowels::a_n,ok,,0.6719517456415272,0.1841601599976326,0.4324916693220146,0.955302296053539,-1.566203302377719,2.1643512913332508,0.6981081909541476,0.2968245743994778,0.7661203990288197,0.5782621326263621,0.9839507509284915,0.4297781946498591,40,20
Funktionelle Dysphonie::913::vowels::a_n,ok,,0.545481369318206,0.10091941965151537,0.40972877632000715,0.7203714002621642,-1.3104973476682409,1.743343521140922,0.568727494036821,0.18641245099071246,0.5352737028540626,0.49658274860826224,0.9930690061970651,0.44478605364283985,40,20
Funktionelle Dysphonie::1193::vowels::a_n,ok,,0.4471422032464588,0.17663458094503168,0.22964451114976758,0.7362869164732768,-1.540220880731571,1.510785980666724,0.48926849520336885,0.2919976094925979,0.7473497366395545,0.3493232002116613,0.9871672934371415,0.34623806211981106,40,20
Funktionelle Dysphonie::1200::vowels::a_n,ok,,0.6368957263389468,0.14727986465153317,0.44534593718459115,0.884368575439222,-1.4528432644610878,2.054137135050515,0.6699125776582404,0.2579532551253056,0.6960670779867906,0.5640688487438668,0.9887187250056425,0.4032591815806623,40,20
Funktionelle Dysphonie::1230::vowels::a_n,ok,,0.6305971747634163,0.1954515480267412,0.39155335565953997,0.952843307949378,-1.5973125414125922,2.081646666154843,0.6797887594452983,0.3242366024245044,0.8426858712301177,0.5199267331480263,0.9861368737835208,0.3285115229640788,40,20
Funktionelle Dysphonie::1240::vowels::a_n,ok,,0.5973240476132041,0.11758407033318938,0.45593695509947224,0.7945883400640208,-1.3589513699833504,1.920217698542861,0.6305705406738895,0.19695957993597737,0.5202461599520811,0.5296273387318119,0.9913672421936881,0.2866458249496986,40,20
Funktionelle Dysphonie::1241::vowels::a_n,ok,,0.3757357326135905,0.12928444518561275,0.23492402431385254,0.6123725796432762,-1.3880076728739836,1.2873041147678799,0.43232571571685174,0.22748308620096017,0.5970782767548104,0.2941767995062503,0.9933064277356544,0.18773328146751705,40,20
Funktionelle Dysphonie::1244::vowels::a_n,ok,,0.5932116847815554,0.14043142359483007,0.42875992433559496,0.8288968642492281,-1.426851191543675,1.9319390406993626,0.6354880967893309,0.23194994844987626,0.6009503042443409,0.5086017478914848,0.9911512351543472,0.2683536169011779,40,20
Funktionelle Dysphonie::1254::vowels::a_n,ok,,0.54688122064064,0.12495074491499276,0.38538174155040655,0.7607819737634853,-1.3837157221117944,1.7666298803542007,0.578095349831621,0.2223754741900889,0.6142787870246482,0.483455904601477,0.9911502188119342,0.3803776178388941,40,20
Funktionelle Dysphonie::1258::vowels::a_n,ok,,0.620103368239042,0.232589222520551,0.30704824071622444,0.9532868927658814,-1.7148686368616932,2.0059444132826534,0.6319833237830289,0.36135189080975955,0.916957501821114,0.7217236712346364,0.9764445972124806,1.3345108761499582,40,20
Funktionelle Dysphonie::1281::vowels::a_n,ok,,0.43555616948444725,0.09553217695015644,0.31520242745219745,0.5927227705130056,-1.2929332513373593,1.400922115869091,0.4574610134245514,0.16093982275384136,0.4298253539929644,0.38398924255751576,0.992736942272678,0.3586534540504445,40,20
Funktionelle Dysphonie::1309::vowels::a_n,ok,,0.6635723031288101,0.18620735830934967,0.44251123588349617,0.9600127074777259,-1.566969142542759,2.1685481467684613,0.7084633187595855,0.2937624032952996,0.7487640487176623,0.5496903650097815,0.9870030881096976,0.2917198166977904,40,20
Funktionelle Dysphonie::1318::vowels::a_n,ok,,0.5876114206693022,0.16399446149677901,0.3834872436101378,0.8576046248418467,-1.5023173337419569,1.9199053711050653,0.626490348140335,0.27433851927748104,0.7162512641569139,0.49825252438393797,0.9875770561600112,0.3499739076765832,40,20
Funktionelle Dysphonie::1322::vowels::a_n,ok,,0.568814414560065,0.12335450105379168,0.4301527894675703,0.7993919935095136,-1.370855168108061,1.8681480061474842,0.622999203223729,0.22560717299833982,0.6079273027276564,0.49481023417376435,0.9935815083748026,0.22340480070788882,40,20
Funktionelle Dysphonie::1326::vowels::a_n,ok,,0.4516782328604646,0.09856329112243109,0.32176779068890643,0.617669065315138,-1.3032758196695258,1.4515412563194674,0.4730808237436057,0.17447880255554526,0.47922969741643096,0.40343746358712307,0.9926699559250798,0.41962421823646334,40,20
Funktionelle Dysphonie::1328::vowels::a_n,ok,,0.8159512748829456,0.20645013052369157,0.5442927043958685,1.1404794487080543,-1.635382786215042,2.62315110845112,0.8474550557167394,0.34171957041879514,0.8972130853358973,0.7128886011762834,0.9836105352686746,0.4460987720862045,40,20
Funktionelle Dysphonie::1400::vowels::a_n,ok,,0.6637375269852515,0.19767576673415868,0.4261147119827759,0.9973228242880731,-1.6015077050251907,2.200165300780568,0.7202286878984029,0.332809718697364,0.8575484433772007,0.5507444223182713,0.9884645495689395,0.3216572313008003,40,20
Funktionelle Dysphonie::1415::vowels::a_n,ok,,0.6276848640155107,0.13884025230635152,0.4463752701593471,0.8574249296293946,-1.4270819363921865,2.0161822804144167,0.6564546668284887,0.24015069938654843,0.6479580555597515,0.5587582450046151,0.9895086691991749,0.4112518530096657,40,20
Funktionelle Dysphonie::1432::vowels::a_n,ok,,0.6256407976689793,0.16238854033113695,0.4350824667838705,0.9097849296259966,-1.492939823076647,2.0606479515075526,0.6808194256644036,0.2806617597950663,0.7391307843030344,0.5303727091805026,0.9901464055085791,0.27274259564756725,40,20
Funktionelle Dysphonie::1435::vowels::a_n,ok,,0.6531873761323699,0.12848044174434314,0.497611698064266,0.879031223927779,-1.3916331574422596,2.1088769102970946,0.694826190508573,0.22689803218515506,0.6172057412669609,0.5808355861123318,0.9916104550726287,0.2985782161311542,40,20
Funktionelle Dysphonie::1441::vowels::a_n,ok,,0.5582974126720203,0.15135073396375753,0.3645872752454739,0.7995752650915046,-1.465012325221786,1.8078631188596297,0.5864199066261062,0.24953508787855638,0.6489637167851816,0.48003872135909553,0.9871687826843843,0.39501736358426826,40,20
Funktionelle Dysphonie::1552::vowels::a_n,ok,,0.4645374306362663,0.15629633948275018,0.25819809285515194,0.7109484848597211,-1.4814903546132538,1.517333845132821,0.48837919540702873,0.26020816607869357,0.6907937593070472,0.3884586630531106,0.9853162009596687,0.4306014618833977,40,20
Funktionelle Dysphonie::1589::vowels::a_n,ok,,0.5265708721757967,0.11709124844509605,0.37268195060298714,0.7174512776099623,-1.3606487845488249,1.686543155794315,0.5486529164042233,0.2005527605959222,0.5402461053323675,0.46985583366868444,0.9901821521439672,0.4122164874411228,40,20
Funktionelle Dysphonie::1609::vowels::a_n,ok,,0.384945431088623,0.09156462358158199,0.26844021442431254,0.5381582711728369,-1.2808160950791434,1.245186283603346,0.40674674948786144,0.15781340535583832,0.430413711869051,0.33582397526457675,0.9933500440810878,0.37450806406921056,40,20
Funktionelle Dysphonie::1611::vowels::a_n,ok,,0.5231074576469441,0.15436398300094348,0.3201008015574659,0.7732543464402725,-1.475300964380662,1.7032478820260601,0.5510332189383893,0.2627520971363991,0.6987382780769877,0.4477195227602344,0.9874894537120887,0.4298720155231746,40,20
Funktionelle Dysphonie::1627::vowels::a_n,ok,,0.5483088522734769,0.18585653542804506,0.32755878024154605,0.8447944118682984,-1.5664098912118423,1.817821848256313,0.5933198004760343,0.29383793614770953,0.7452384848662916,0.43615317703030065,0.9860688986433109,0.28553652572075466,40,20
Funktionelle Dysphonie::1640::vowels::a_n,ok,,0.6347566999050439,0.19627653606610299,0.3914404048401451,0.9518248547551004,-1.6013292582048855,2.0831747710719553,0.6784429682530043,0.32161338973589404,0.8299367968367761,0.5272436212619075,0.9841557571557751,0.3398444418955341,40,20
Funktionelle Dysphonie::1642::vowels::a_n,ok,,0.6508883551663686,0.19806368199956614,0.3938665762974314,0.976163094393813,-1.6094510732841063,2.1294766491886277,0.6910836937156549,0.3387457303832818,0.8945785185328079,0.5542182447828177,0.9832172598786939,0.4044210882206924,40,20
Funktionelle Dysphonie::1645::vowels::a_n,ok,,0.4245535288585106,0.12219245300150677,0.28452456712801794,0.6447774954407096,-1.3692266462491365,1.418127427526868,0.4720160507334496,0.21599924974622797,0.5800091427036103,0.35115212692662623,0.9932720063488476,0.24155673311174108,40,20
Funktionelle Dysphonie::1659::vowels::a_n,ok,,0.42011555891916863,0.14564326811451453,0.2381976740506783,0.6650008721472096,-1.4456319038278824,1.4041231297765293,0.4572611899444324,0.249266765192756,0.6585240741821008,0.34089719633448046,0.9903018014525803,0.3585194532970233,40,20
Funktionelle Dysphonie::1680::vowels::a_n,ok,,0.36027661565395125,0.1041432095161808,0.23405945158514374,0.5383509163265585,-1.3176305190707205,1.1892933639724876,0.3910146579099977,0.17857385946645918,0.47769577905994876,0.30074336871804785,0.9932317738070069,0.30858902792935083,40,20
Funktionelle Dysphonie::1681::vowels::a_n,ok,,0.5032461371662968,0.16470919545376553,0.30161597126267664,0.77114892919541,-1.5041933257957043,1.6613557742202896,0.5425594504604423,0.26994000203371765,0.6982304626908764,0.4115097216102862,0.9862330618214434,0.31255184389568114,40,20
Funktionelle Dysphonie::1685::vowels::a_n,ok,,0.6164875480843279,0.15243256635778513,0.42758788735983827,0.8648386853911724,-1.4670741042091109,1.9945915239087617,0.6517626861758365,0.25193198190316574,0.6562767050650491,0.533441863670234,0.9875361200959333,0.33297149509454765,40,20
Funktionelle Dysphonie::1688::vowels::a_n,ok,,0.558206828279481,0.17306653316355952,0.2925137722026439,0.7836188165029684,-1.5316848816194608,1.7386962984709098,0.5348318783786309,0.27882920501075625,0.7040047161166316,0.6467301390651752,0.9859005561292913,2.071684401475077,40,20
Funktionelle Dysphonie::1694::vowels::a_n,ok,,0.5683084605412226,0.1582822670565641,0.3697707807060749,0.8262271456843842,-1.4838575165988013,1.8591061917325942,0.6033449143922155,0.2634612642010656,0.6901706944128518,0.4800906400968148,0.9903130667233359,0.3954205139671717,40,20
Funktionelle Dysphonie::1742::vowels::a_n,ok,,0.42638593388167456,0.13301235122471453,0.261002188531458,0.648668659003239,-1.4076939207737995,1.4063181554699413,0.4601338792894746,0.2258372158056088,0.5925695168260905,0.3560507840167014,0.9896040512666684,0.3290601925209542,40,20
Funktionelle Dysphonie::1798::vowels::a_n,ok,,0.6525308509212934,0.1686552250699534,0.42280224247220094,0.9151784285102683,-1.5205150839863006,2.0889754015129816,0.6720671797547377,0.2833083902208129,0.7563783570572813,0.5754097271738785,0.9843668279976341,0.5000494720411182,40,20
Funktionelle Dysphonie::1801::vowels::a_n,ok,,0.49354631618668654,0.15920148557884994,0.3080337815004205,0.7640293842183082,-1.483104424111993,1.6516873305116755,0.5437916328485649,0.26567717697130194,0.6856360893812257,0.39799845118607036,0.9905465083893777,0.2696536280625242,40,20
Funktionelle Dysphonie::1824::vowels::a_n,ok,,0.620216883903744,0.19649681865798174,0.3775578031872468,0.9290233375226209,-1.6010207561413545,2.0324993703248344,0.6594631028044018,0.313055102076347,0.8088840731206042,0.5067810895242119,0.9840875954810349,0.34707063181255565,40,20
Funktionelle Dysphonie::1827::vowels::a_n,ok,,0.6863932802458125,0.19558900059765869,0.41748403014330115,0.9870390219444788,-1.6040398029289697,2.203526067013855,0.7049988777080202,0.3268128771533787,0.8589329684584177,0.7507972816551662,0.9819585602305865,1.088205871701891,40,20
Funktionelle Dysphonie::1862::vowels::a_n,ok,,0.47540089223471893,0.12195567927857079,0.3381878912056218,0.6818350477054214,-1.3688811224923048,1.5622481477969496,0.5165361974065569,0.19934524460024877,0.5110547651147952,0.3978773998233275,0.9927843493078778,0.21707032502147539,40,20
Funktionelle Dysphonie::1899::vowels::a_n,ok,,0.5301070456604546,0.16364712212873075,0.3130254683735106,0.7898830448706422,-1.5041985025868518,1.7243894465908332,0.5554445270720045,0.2747715793801907,0.729076933722407,0.45058452399578486,0.986014945185712,0.44890584296241165,40,20
Funktionelle Dysphonie::1935::vowels::a_n,ok,,0.31257203545073353,0.07413532211514438,0.21236576159273302,0.4312568904783497,-1.228601417585191,1.0017079522339625,0.3235147465355459,0.1270213007444643,0.3445445440645558,0.2772148083205539,0.9940015302825365,0.4879885255488727,40,20
Funktionelle Dysphonie::1936::vowels::a_n,ok,,0.5719953502828266,0.14803308445155888,0.38315781456394293,0.8258964363415405,-1.4539049485389828,1.866036972692956,0.610145308863028,0.26167401068205665,0.7014219935352162,0.49641313350079086,0.989328461073264,0.3815434740125463,40,20
Funktionelle Dysphonie::1958::vowels::a_n,ok,,0.4822679516881969,0.14472076288867652,0.3042416683996344,0.71951694224903,-1.4427493454015674,1.5841925373766348,0.5174107154984363,0.23959405432897182,0.62738905689057,0.40094842436786937,0.9891748916862692,0.3292266818544327,40,20
Funktionelle Dysphonie::1966::vowels::a_n,ok,,0.6839376483259247,0.20378663952286136,0.4322087412360465,0.9945866010302887,-1.6227244941425052,2.2210809416334882,0.718993516461709,0.31578389098900234,0.8068202595059719,0.5644095885560569,0.9827237633540782,0.3531651487385097,40,20
Funktionelle Dysphonie::1977::vowels::a_n,ok,,0.43188587904593456,0.13450069585780786,0.2508123179421324,0.6548230111811293,-1.414693019463689,1.4141309485904023,0.4566961093071086,0.23734391710905278,0.6435441990525259,0.36998426748056235,0.9897350195197601,0.45774183973970006,40,20
Funktionelle Dysphonie::2006::vowels::a_n,ok,,0.6004350992913798,0.18775625647319139,0.3497382530913344,0.8896215684086405,-1.5786784114841843,1.9429639833544214,0.6231321967200237,0.30821278702910626,0.805275263223856,0.6641259772857491,0.9814827361037353,1.0363938793324328,40,20
Funktionelle Dysphonie::2112::vowels::a_n,ok,,0.5795560819974854,0.1551708500344758,0.3827095019516454,0.8467328207374557,-1.474885887979911,1.898701175949341,0.621035285303498,0.2746496427688268,0.7491192513283953,0.4968656208201332,0.9901403573335538,0.3782508839423451,40,20
Funktionelle Dysphonie::2123::vowels::a_n,ok,,0.4232449185626308,0.09585613001143327,0.3011822711929385,0.5871293359570139,-1.2940985889403298,1.3674230320092378,0.448127892769147,0.168944016703591,0.4627033101625142,0.37357778757085713,0.9929724523510557,0.35852205983288427,40,20
Funktionelle Dysphonie::2231::vowels::a_n,ok,,0.6832795749828082,0.18204959974757187,0.45476809105312005,0.9898107518627426,-1.557685327553605,2.2305310379025203,0.7293662170018551,0.31302656279714963,0.8355981432183439,0.5856259628098369,0.9869314086388847,0.35770267114997023,40,20
Funktionelle Dysphonie::2265::vowels::a_n,ok,,0.8621790370501266,0.2620961249527853,0.5061719952780349,1.2396202954458388,-1.8070895272843388,2.7525971391346524,0.87468754757425,0.4116080413963298,1.028426270424995,0.9689485412679829,0.9755443469191636,1.292201339413688,40,20
Funktionelle Dysphonie::2267::vowels::a_n,ok,,0.5920247987213705,0.1692701059939714,0.3897900552056085,0.8734582006378852,-1.5165406597512807,1.945465743912224,0.6389055956428317,0.27974682141126656,0.7203459918089807,0.49451135809643976,0.9874210231044762,0.28412432597083265,40,20
Funktionelle Dysphonie::2290::vowels::a_n,ok,,0.630281676398406,0.2194291772942758,0.33911878466813505,0.9693613884171576,-1.6762306592298348,2.05794335742707,0.6585633476194299,0.35970412511889116,0.9302650923364837,0.5271444171317441,0.9786875370089839,0.4569225830175738,40,20
Funktionelle Dysphonie::2297::vowels::a_n,ok,,0.5437640222120902,0.20539343480425587,0.3108550601529922,0.8813812944297136,-1.6208004774013092,1.8473927850420113,0.6058386019250024,0.3267177412019587,0.8202708370033269,0.41155189779855883,0.9892094693935338,0.24872703902627982,40,20
Funktionelle Dysphonie::2302::vowels::a_n,ok,,1.1624321503416666,0.0906238446748836,1.074366695815072,1.3475343845849181,-1.2599365081162817,3.699226574189774,1.2196739148686242,0.17658530255733879,0.4708327360693705,1.1057468700141155,0.9995189315543682,0.1437577309934489,40,20
Funktionelle Dysphonie::2303::vowels::a_n,ok,,0.6555543457900823,0.10195723833730926,0.5096011260437369,0.8291384855769192,-1.3147922968609997,2.0752168172692307,0.6717110550162699,0.19254771134865,0.5600839255775742,0.6109676402419812,0.9930786969705607,0.5752105436657443,40,20
Funktionelle Dysphonie::2308::vowels::a_n,ok,,0.5618523360981436,0.15192365755458961,0.38009445054770497,0.820583777337519,-1.463197902149553,1.8453705276504837,0.6072813348699105,0.25759018090500274,0.6725559485496597,0.4751444782527441,0.9892971286716816,0.2896958182421457,40,20
Funktionelle Dysphonie::2310::vowels::a_n,ok,,0.77013045872245,0.21947685865304553,0.47506306178061397,1.1002030703712726,-1.6762847819653974,2.468574087301922,0.7908401977413322,0.35454695052130536,0.9176090770448058,0.850692605091131,0.9779821992780897,1.1247239529549664,40,20
Funktionelle Dysphonie::2312::vowels::a_n,ok,,0.5907706936789437,0.12041819950576252,0.43419297493949455,0.7776769720181107,-1.3702093204421426,1.8805922339506425,0.6087036664619544,0.19559518507914417,0.506398532406326,0.5290841628892184,0.9897351625129784,0.4373120954804251,40,20
Funktionelle Dysphonie::2313::vowels::a_n,ok,,0.8659843114236526,0.17007004025863778,0.6303746756958761,1.1296138852793471,-1.5253805830300287,2.740114867446704,0.8827415818124692,0.28770115659718276,0.7668418003040784,0.7916362723043544,0.9853752963732634,0.5384514621658212,40,20
Funktionelle Dysphonie::2314::vowels::a_n,ok,,0.7416362826658803,0.0979208735490098,0.6257928997832929,0.9214661353433188,-1.2960221643713425,2.368930228516725,0.7795934266049811,0.17946534649846985,0.4965262285086185,0.6844036775773861,0.9957428501329654,0.2801089553312539,40,20
Funktionelle Dysphonie::2318::vowels::a_n,ok,,0.7354366479126565,0.15052962566419792,0.5409938571234023,0.9911405344674051,-1.4620257199514943,2.36339803191153,0.7715809538461889,0.2655095267449026,0.7227341811431574,0.658792415591903,0.9894538196102296,0.4003551031317398,40,20
Funktionelle Dysphonie::2327::vowels::a_n,ok,,0.7677493541189349,0.18483001168962412,0.5353578491645619,1.0652375453348164,-1.5665175358048213,2.4764167934368135,0.8064027713244336,0.3043760217322864,0.801983410274957,0.6658108885081797,0.985596409341702,0.3666703534296039,40,20
Funktionelle Dysphonie::2336::vowels::a_n,ok,,0.524640718621269,0.17630928414534955,0.3104766155497819,0.81161972073438,-1.5382593273228697,1.7431960540107783,0.5677669371489205,0.28766309745316976,0.7376662829389562,0.42322785550302056,0.988115070797382,0.3258832137308004,40,20
Funktionelle Dysphonie::2340::vowels::a_n,ok,,0.6470940515223352,0.2046440440467442,0.40591547069356543,0.9774551081226716,-1.6225994633952,2.140329820200748,0.7000774142367348,0.32589362880160705,0.8296440755716388,0.5215040461925031,0.9864481993924753,0.28271044251193905,40,20
Funktionelle Dysphonie::2357::vowels::a_n,ok,,0.7050536751182256,0.19337985582627873,0.44989659231146545,1.0016864548966395,-1.5953699355893574,2.2649972075811404,0.7298387864913787,0.31388853657514953,0.8163265996161089,0.6106811885162768,0.981906384531053,0.44422041190386785,40,20
Funktionelle Dysphonie::2359::vowels::a_n,ok,,0.533168886685249,0.10431964546945827,0.3978265867379072,0.7134789414446189,-1.3202607079992184,1.7110837942069927,0.5598419626170104,0.18787202587290652,0.5205165728447207,0.4808872269322596,0.9927365340731127,0.3899107650954128,40,20
Funktionelle Dysphonie::2360::vowels::a_n,ok,,0.4231953268479585,0.1564759822946928,0.25538097011711997,0.6990119609140185,-1.4681858331491628,1.4600373654499277,0.48702975515250924,0.2618988731068191,0.6666498141942405,0.3206505984969439,0.9931473718371229,0.18692632070656914,40,20
Funktionelle Dysphonie::2365::vowels::a_n,ok,,0.5806837676786929,0.13523768774588787,0.4090207067599325,0.8122915852744532,-1.414603134494434,1.8812190380074945,0.6161492858649289,0.23817661723356331,0.6457609181484898,0.5105476452821245,0.9903554912440169,0.36414437823620044,40,20
Funktionelle Dysphonie::2367::vowels::a_n,ok,,0.6051342555238921,0.23271345596835025,0.3353212239267795,0.9918713305537686,-1.7066143961815885,2.057331941922324,0.6739714987037015,0.3784752709008802,0.9487928055589387,0.46459389424342223,0.9847407299020466,0.26659497085636646,40,20
Funktionelle Dysphonie::2382::vowels::a_n,ok,,0.760499171166835,0.1464070852448171,0.5612990331874409,1.0014979069544905,-1.4516547362552177,2.4209221108227084,0.7852805936855949,0.2585919922712186,0.7146450057361848,0.6923194848460597,0.9885674404263092,0.480723294239747,40,20
Funktionelle Dysphonie::2410::vowels::a_n,ok,,0.9769703742775709,0.23395756138537055,0.6418729053947605,1.3222587948714324,-1.7231501635115838,3.087967272707413,0.9830109657318079,0.38915063078947376,1.0235328788579974,1.064681922812665,0.9781440534264741,1.3130664541507777,40,20
Funktionelle Dysphonie::2413::vowels::a_n,ok,,0.6776955627193041,0.12565269489465536,0.537651572341075,0.9143909579100601,-1.3777962587429127,2.204830818978366,0.734720660612669,0.23119805025183582,0.6193068668220514,0.6029827568044377,0.992955110903939,0.20396759246775747,40,20
Funktionelle Dysphonie::2416::vowels::a_n,ok,,0.5870959137546924,0.1249148517622007,0.4717967753149685,0.8157349383756245,-1.3661645356438266,1.9429092194367052,0.6539337503380495,0.20733038395218753,0.5255336405904674,0.47261657588664696,0.9981035070947852,0.021636869251981952,40,20
Funktionelle Dysphonie::2417::vowels::a_n,ok,,0.6811772380855589,0.2151082740798439,0.3957201411683101,1.0076541472946945,-1.66250467561624,2.2023242058795067,0.7055348207871533,0.3471380397505789,0.8925856416155655,0.5787825594985605,0.9790686498382578,0.46330821139568973,40,20
Funktionelle Dysphonie::2419::vowels::a_n,ok,,0.49358991418643605,0.17205296351228255,0.2886267890767191,0.7758593470826134,-1.5248102524544789,1.6467252862993962,0.5393563910457746,0.2801235790070374,0.7212378768048553,0.3917569019769601,0.9868438519016243,0.28279085657825975,40,20
Funktionelle Dysphonie::2427::vowels::a_n,ok,,0.8168984199302438,0.18392226421426108,0.5865474504188929,1.1210328552589668,-1.563708500695823,2.634142563352396,0.8605775448678197,0.3101760421791692,0.8172315548976616,0.7181038467016235,0.9861390631324771,0.3535505995339357,40,20
Funktionelle Dysphonie::2429::vowels::a_n,ok,,0.7215730808976102,0.21125736270221246,0.4541416380649865,1.0607670091046955,-1.6486056482362792,2.3520842369324617,0.7640962631207604,0.34829385526820206,0.9003120781136884,0.6110028203668388,0.9825472766726024,0.3704275708852541,40,20
Funktionelle Dysphonie::2431::vowels::a_n,ok,,0.7017348684212706,0.14524016924503116,0.551133654624496,0.9539136886494408,-1.4330426698695888,2.2937086287350277,0.762131702406754,0.23555448156210151,0.6058712461923541,0.5974717197350694,0.9943766058548631,0.14696729051753174,40,20
Funktionelle Dysphonie::2432::vowels::a_n,ok,,0.7650006306039145,0.4584291920405455,0.2935041629530893,1.4466530860734113,-2.35716926130748,2.771259444240059,0.8937462261068703,0.6345255848056269,1.4197153214557146,0.42437917435093775,0.9884735421847229,0.15190043970135103,40,20
Funktionelle Dysphonie::2442::vowels::a_n,ok,,0.629974323195843,0.17170118056524483,0.43651044331786437,0.9352201804448975,-1.518032155315463,2.0946366237035408,0.6958731386268792,0.2963789586223857,0.7682781470479094,0.525628854557276,0.9905172005185404,0.22726564354328627,40,20
Funktionelle Dysphonie::2444::vowels::a_n,ok,,0.5167890161843454,0.17274922406297916,0.3046316751660754,0.8110363684062252,-1.5285963268686658,1.722355332490738,0.5651371253291688,0.2970713880092739,0.782779959226374,0.4231016757045791,0.9865105365491031,0.3161782120765607,40,20
Funktionelle Dysphonie::2445::vowels::a_n,ok,,0.5166996845752758,0.15866315885468305,0.31745814062771255,0.7871779331348565,-1.4862688140546454,1.7064063222065413,0.558675041622798,0.27636700528471064,0.7390737457592711,0.4327222666471464,0.9880813614244747,0.3490796445042019,40,20
Funktionelle Dysphonie::2446::vowels::a_n,ok,,0.6351876501831004,0.12993074899720566,0.4831401874303744,0.8635655100373287,-1.3942472257193639,2.060868527103235,0.6803320618782365,0.22545730748363324,0.5997403951566742,0.5584350067976105,0.9922251382438603,0.26534901138572514,40,20
Funktionelle Dysphonie::2448::vowels::a_n,ok,,0.7449347660005919,0.15068084426677816,0.5661454196817383,1.002269375656289,-1.4592871370360174,2.4039788519091236,0.791502515340947,0.2552409958909712,0.6675164824901145,0.6583867684825874,0.9892831518372429,0.26844360943206,40,20
Funktionelle Dysphonie::2457::vowels::a_n,ok,,0.4614787574600393,0.134575097124079,0.33015377302059823,0.707394267412881,-1.3990200635927317,1.5617884524792063,0.5291735745213197,0.22702582272195188,0.5790805601570194,0.3657235416592304,0.992446443117553,0.08907233549339912,40,20
Funktionelle Dysphonie::2459::vowels::a_n,ok,,0.6146216807345514,0.10412038627579118,0.4782677052069204,0.7893357461899241,-1.3203176863405497,1.954949959418249,0.6374092735767238,0.1829399701917385,0.49884524607680625,0.56344604377455,0.9921285094494094,0.4073521279802124,40,20
Funktionelle Dysphonie::2477::vowels::a_n,ok,,0.5422968695009669,0.12370165954890276,0.40215699920848064,0.7641320475431949,-1.373993729133658,1.776949504513638,0.5906785462611692,0.21627382877013943,0.5727543709445042,0.4673705285859605,0.9926391537241934,0.2189060277073784,40,20
Funktionelle Dysphonie::2481::vowels::a_n,ok,,0.6559991555293947,0.13550650707371018,0.4853088375828635,0.8894530084613976,-1.4149470462995288,2.1146015788877746,0.6931023496550768,0.23904539886114237,0.6463414154076244,0.5848314930779711,0.9907035477270438,0.3551640289846439,40,20
Funktionelle Dysphonie::2483::vowels::a_n,ok,,0.4975242001965238,0.1860532468589604,0.2713418928198611,0.8030283447274458,-1.568460553211186,1.6713001543579042,0.5443324260374021,0.3064068770429754,0.7909715303945943,0.3912339344690876,0.986193264241139,0.31911622229257697,40,20
Funktionelle Dysphonie::2497::vowels::a_n,ok,,0.8322031069341005,0.20724441560973844,0.5247403888756843,1.1351811026498482,-1.6412083077235011,2.6229461616768104,0.8297548412067686,0.3515775342983413,0.9339286991123945,0.9124949603473318,0.9817855001753085,1.394846186213443,40,20
Funktionelle Dysphonie::2499::vowels::a_n,ok,,0.5628897938692163,0.18068963795947487,0.3340098693041672,0.8491946754805401,-1.5541368604955896,1.8475687816056716,0.5969221885082863,0.2943159421655468,0.7571845885148072,0.46606629966015056,0.9863321827650005,0.39234450612582034,40,20
Funktionelle Dysphonie::2502::vowels::a_n,ok,,0.8021712529766223,0.18536244800608057,0.5578206847314436,1.0879366439396716,-1.5705807004403554,2.558891184700237,0.8268592776646265,0.3020325893132028,0.7904019306383496,0.7103902156554968,0.983030538846799,0.4457527098140832,40,20
Funktionelle Dysphonie::2504::vowels::a_n,ok,,0.849227201433985,0.12838875096910693,0.6606222180068434,1.0437324505768846,-1.3974011149383954,2.654669925908825,0.852911406923884,0.22256622237012538,0.6135136612292538,0.8983297370357441,0.988697039498979,1.232819618499744,40,20
Funktionelle Dysphonie::2505::vowels::a_n,ok,,0.640086880619074,0.2469717294215812,0.3412585716691758,1.0244162355497926,-1.7538803286556277,2.1386937790901754,0.6910029215735323,0.38517879015589884,0.9581543543888893,0.49629968263922464,0.9817265423039896,0.32227978269543356,40,20
Funktionelle Dysphonie::2506::vowels::a_n,ok,,0.699204164980144,0.19163336129812245,0.45168482747190836,1.0059096388336353,-1.588651258682805,2.2688548354189733,0.7341887650583521,0.31879644296070275,0.8352339632313415,0.5996159372231953,0.9856039154193484,0.42249591972323386,40,20
Funktionelle Dysphonie::2524::vowels::a_n,ok,,0.6194471996856232,0.16173674853455605,0.41639802210534144,0.9031714572355157,-1.4946870630543507,2.030525817424368,0.6667423144088133,0.2902151300464677,0.776568828903879,0.536812370337761,0.988805897309519,0.3541193973398861,40,20
Funktionelle Dysphonie::2528::vowels::a_n,ok,,0.7012208561217582,0.20765021150546628,0.4279901016155809,1.031953339571996,-1.6390734022647588,2.281363130155531,0.7350913223491874,0.34775376968865407,0.9104783753748142,0.5982673624810686,0.9836395483239349,0.4532558731748957,40,20
Funktionelle Dysphonie::2601::vowels::a_n,ok,,0.6781122966255883,0.21343921629820498,0.40629520361151855,1.0209749680686584,-1.6553715467599575,2.2234874616182077,0.720071457050935,0.3532833282394845,0.9153018936847088,0.5669092150815253,0.9828990198811278,0.38942150063721936,40,20
Hyperfunktionelle Dysphonie::106::vowels::a_n,ok,,0.6259724240929128,0.1734830212947533,0.40722874815300697,0.90968763723852,-1.531788390362598,2.041957687484894,0.6643226246123156,0.2904528872952065,0.7599174027405096,0.5330517864220105,0.9872727610368706,0.37723790652040623,40,20
Hyperfunktionelle Dysphonie::127::vowels::a_n,ok,,0.6806471773813357,0.19467152709204785,0.43388569623069745,0.9996435001265791,-1.5971955714101997,2.2223710843739592,0.7234497903096677,0.32765263267576034,0.8704535606463755,0.5761412180808775,0.9852153381781199,0.3742914990680047,40,20
Hyperfunktionelle Dysphonie::140::vowels::a_n,ok,,0.5105996202962475,0.21057685306852594,0.2441088886631513,0.830109546574741,-1.6456285828320554,1.6962349326329118,0.5422050219163566,0.3297400936995191,0.838697255138658,0.3965503108617716,0.9803845325600096,0.3813267909645162,40,20
Hyperfunktionelle Dysphonie::144::vowels::a_n,ok,,0.43489108473093063,0.15599359699637438,0.2563960003225652,0.7084561130863679,-1.471890820172429,1.480928775265974,0.4911638368566754,0.2670946659008466,0.7049875615341934,0.33899260387928964,0.9913042827420938,0.24313867347850993,40,20
Hyperfunktionelle Dysphonie::159::vowels::a_n,ok,,0.6906334251571752,0.19999477711328995,0.45638116335409956,1.032745057088033,-1.6059160351418922,2.2937615987438877,0.7542235967716725,0.337142224277294,0.8762281842499409,0.5705042055333708,0.9895160493880295,0.29219488539812755,40,20
Hyperfunktionelle Dysphonie::160::vowels::a_n,ok,,0.6447181251980106,0.22853844161585105,0.34139400508309886,0.9868365558595575,-1.7034141609177005,2.093624412694468,0.6675798848352381,0.364820073921472,0.9391932357445718,0.7332997501182117,0.9780802388506764,1.1094669156951136,40,20
Hyperfunktionelle Dysphonie::348::vowels::a_n,ok,,0.6580047878623865,0.21004235819193232,0.39640553827344216,0.9921314931390035,-1.6436342753226973,2.160171253661669,0.7008346529586552,0.3400177167404403,0.8700259088303923,0.5428493435800685,0.9825297974629387,0.3560618523484737,40,20
Hyperfunktionelle Dysphonie::355::vowels::a_n,ok,,0.5896602073508939,0.2019544421406562,0.31329710035741887,0.9024905889470909,-1.6236072504602894,1.919397615820246,0.6111978821306415,0.3385147114247005,0.8894708549972297,0.5007267661000672,0.9813074862886089,0.5159267152599416,40,20
Hyperfunktionelle Dysphonie::363::vowels::a_n,ok,,0.45070079111531614,0.1165061856829049,0.2952963191125793,0.6323362811168307,-1.3590025661829632,1.445669650511795,0.46633338124403395,0.19322726382991354,0.5130177795632753,0.3942813992903992,0.9895007820308925,0.46106361897661163,40,20
Hyperfunktionelle Dysphonie::499::vowels::a_n,ok,,0.494335860662466,0.1270591083549661,0.3451627443474151,0.7104058127545602,-1.386135457312879,1.6213782858507446,0.533877499024706,0.21305455483250246,0.5537730338755171,0.4187904878658326,0.9919744916025369,0.2747321229365001,40,20
Hyperfunktionelle Dysphonie::665::vowels::a_n,ok,,0.56391830636405,0.11160587409494374,0.4095432225777261,0.7478967399841776,-1.344780167583492,1.7944709012658537,0.5815281858099374,0.19950940724480654,0.552132388502852,0.5152831581093578,0.9911156398637349,0.49872725725071854,40,20
Hyperfunktionelle Dysphonie::669::vowels::a_n,ok,,0.5533689690509829,0.13129966350977346,0.38291722008736095,0.7692537964300897,-1.4036764572711447,1.78341771543131,0.580334390657687,0.2249046432324698,0.6045384329861205,0.4866291532224908,0.9899411297054135,0.4057489228733259,40,20
Hyperfunktionelle Dysphonie::692::vowels::a_n,ok,,0.565018400873641,0.1291794164807375,0.3863200280243957,0.7720512488138283,-1.399162896506967,1.8036649418926909,0.5818644865981889,0.224912448680023,0.6093164229468773,0.5091793255239228,0.989260285144504,0.517132434289449,40,20
Hyperfunktionelle Dysphonie::724::vowels::a_n,ok,,0.537067149071951,0.20855774410490738,0.2939333660930604,0.8885268599167642,-1.6330233187408525,1.8329287712860938,0.6009651874609891,0.34507681356949066,0.8777308781245949,0.41216466983610234,0.9874930174492522,0.27362705901389395,40,20
Hyperfunktionelle Dysphonie::819::vowels::a_n,ok,,0.7854718016660563,0.16155970237526307,0.5608889199621916,1.036081173003714,-1.4989884344824849,2.4906267654817227,0.8008981498999825,0.274151648370192,0.7361117011580118,0.7132785485035666,0.9865750643063226,0.5594087472262503,40,20
Hyperfunktionelle Dysphonie::827::vowels::a_n,ok,,0.6966274344904099,0.16097147707107598,0.48651515999824874,0.9586708548412013,-1.494993458728664,2.240208767960351,0.7272676949430235,0.2739431414649872,0.7323549476195321,0.6149016413261489,0.9875959391359137,0.42935543048264885,40,20
Hyperfunktionelle Dysphonie::829::vowels::a_n,ok,,0.776221835912933,0.2085889822733186,0.483096656482945,1.0884829606214086,-1.6445967655545277,2.4695778077172847,0.7876427840772096,0.3461768870561179,0.9022788665701702,0.8526376110059084,0.981143410738715,1.189595127833433,40,20
Hyperfunktionelle Dysphonie::850::vowels::a_n,ok,,0.6596615091159114,0.17319165220348837,0.43384467214878886,0.9376816286408365,-1.5331099804866575,2.129019053354813,0.6906954474214154,0.2907259258621733,0.7673377756484991,0.5742365577757937,0.9852685303116816,0.4111171577839906,40,20
Hyperfunktionelle Dysphonie::854::vowels::a_n,ok,,0.5640519453867328,0.16821958230881207,0.3603221709989417,0.8477017412461335,-1.5136621588356247,1.8621883522834262,0.6112419779050648,0.2840981335087829,0.7453073158571741,0.46869516829742863,0.9878186925263335,0.30661355065067386,40,20
Hyperfunktionelle Dysphonie::857::vowels::a_n,ok,,0.3230723284314694,0.06525422669090852,0.22679209265038597,0.4184681603612122,-1.201799343253368,1.0127818002016467,0.3226568792994099,0.110264228610722,0.29666464945260884,0.34927150637189164,0.9940102250185024,1.385921054815795,40,20
Hyperfunktionelle Dysphonie::868::vowels::a_n,ok,,0.41777060687289336,0.16036774537340057,0.21666732999624555,0.6833087163268843,-1.492133424932374,1.4008457023070173,0.45601459925438714,0.27123356327199516,0.7169943667988159,0.3334357977459811,0.9864718832182178,0.3377998445955827,40,20
Hyperfunktionelle Dysphonie::881::vowels::a_n,ok,,0.37927290436378647,0.07714688732633589,0.286823270726715,0.5148402762182996,-1.234764473965554,1.2279682396758764,0.4048235928447047,0.13546460476508232,0.366469767722708,0.3351298049638879,0.995209983873885,0.29016000860694807,40,20
Hyperfunktionelle Dysphonie::888::vowels::a_n,ok,,0.5146933434428173,0.16188666451343214,0.3104332388415848,0.7723561933612088,-1.496570840570849,1.6849553297404218,0.5463422084309386,0.2642685659196914,0.6889992669598262,0.42666644847554946,0.9865126605401402,0.3710029823766148,40,20
Hyperfunktionelle Dysphonie::889::vowels::a_n,ok,,0.5504929745989473,0.18912734454765698,0.31843361643236423,0.871032585223193,-1.5785329168759692,1.8389772861435252,0.6026456833609009,0.3234048372835093,0.8537482383051191,0.4466525057459898,0.9854444031789621,0.3187999822622355,40,20
Hyperfunktionelle Dysphonie::890::vowels::a_n,ok,,0.6129969071269898,0.19287464271718485,0.35700292055707133,0.924239071588305,-1.5948315679231309,1.9997032457317707,0.6455712000015721,0.3289239815386523,0.8617589352633646,0.5255451543768674,0.9825847152089922,0.4383599534506932,40,20
Hyperfunktionelle Dysphonie::894::vowels::a_n,ok,,0.6453020603894092,0.158396251914026,0.4528824250538402,0.9074349294108385,-1.483819574971723,2.0958889153442355,0.686681198718199,0.26292321109110284,0.6889850477139916,0.554596923355644,0.9886538167822873,0.31202747211644544,40,20
Hyperfunktionelle Dysphonie::898::vowels::a_n,ok,,0.5818812522352399,0.22357436771891276,0.2861548355894013,0.9235574292689084,-1.68825263981925,1.914614741673714,0.6090358041068991,0.36219114758426624,0.9405550925148374,0.4716342127866725,0.9787528007449451,0.46184003291721565,40,20
Hyperfunktionelle Dysphonie::909::vowels::a_n,ok,,0.52305683113361,0.12596173726054644,0.3569877709090591,0.7366163593019273,-1.3875826025637688,1.691413613588702,0.5510279063570876,0.2243632932838531,0.6028877864243092,0.46453112754391934,0.9905461354151788,0.42208781167890813,40,20
Hyperfunktionelle Dysphonie::922::vowels::a_n,ok,,0.5540594979937299,0.13660560005062744,0.38440710925512744,0.7918844696424131,-1.4173926711911855,1.8090305142951,0.5941447072019919,0.24174834779804932,0.6505783122542921,0.4805720349554049,0.9908529504224943,0.3434911224649458,40,20
Hyperfunktionelle Dysphonie::934::vowels::a_n,ok,,0.46326261304741206,0.10296875606409644,0.33360714493560784,0.6369922384560786,-1.3159387524961954,1.4931812372695676,0.48948123266485427,0.17793557780425434,0.4795243398283029,0.40932301211339817,0.9918221072458075,0.3393993466997797,40,20
Hyperfunktionelle Dysphonie::1037::vowels::a_n,ok,,0.5561186857146894,0.14163308829278742,0.375361323151572,0.7913320674700937,-1.435050452211931,1.8020530113880204,0.5883973185362689,0.24262773629197007,0.6504939372948235,0.4828299517147139,0.988553983152569,0.36998245599193974,40,20
Hyperfunktionelle Dysphonie::1043::vowels::a_n,ok,,0.4789342381806228,0.17371869693058684,0.2700138266736112,0.7622515989106352,-1.5300017543454827,1.6040929180366936,0.5229798165579487,0.282489680774145,0.7239007720663255,0.3774643233573175,0.9877366594977821,0.3069401784033709,40,20
Hyperfunktionelle Dysphonie::1044::vowels::a_n,ok,,0.6031945067508595,0.11040727765405016,0.46298130214570726,0.7871611989636988,-1.3392952544927434,1.9242835204125581,0.62930406148911,0.18921856316688795,0.4978507137852892,0.5486165126002974,0.9911672276429853,0.34681599367574234,40,20
Hyperfunktionelle Dysphonie::1050::vowels::a_n,ok,,0.46902593073975946,0.14530536698265595,0.30441178967088933,0.7123205832268998,-1.43953617089508,1.5638459553047317,0.5156455210239309,0.23548373905914838,0.5977725543645938,0.3767642269053295,0.9917527620284786,0.23650924253448052,40,20
Hyperfunktionelle Dysphonie::1051::vowels::a_n,ok,,0.6503645282767719,0.1545879958491459,0.4371735820062115,0.8876111559712321,-1.4773865517871747,2.069050672236582,0.6648315596239672,0.25850361784222853,0.6851501442195396,0.5825094353624908,0.9859968045761851,0.5260363749909898,40,20
Hyperfunktionelle Dysphonie::1083::vowels::a_n,ok,,0.696948576681558,0.190152676608851,0.4276745108268403,0.9824429067298562,-1.5878025468095565,2.2165008020008976,0.7066037222660679,0.3182332685931515,0.8380456430227383,0.7685973786213085,0.9838604578751157,1.1852707762863142,40,20
Hyperfunktionelle Dysphonie::1085::vowels::a_n,ok,,0.5353807064852186,0.15171900419446904,0.35748051125200947,0.8011385055296059,-1.4603626550290925,1.776516477758323,0.5872167127977165,0.2624829252229257,0.6936095240765305,0.4461950475609344,0.9909264383831914,0.27305128886635155,40,20
Hyperfunktionelle Dysphonie::1088::vowels::a_n,ok,,0.7423924606827728,0.21073021521136945,0.46555938872019054,1.0872600687331235,-1.6479993568530127,2.419487108971687,0.7823695306864018,0.3617354347209365,0.9632594645120109,0.6371000354622799,0.9847465878725694,0.4482531393119203,40,20
Hyperfunktionelle Dysphonie::1090::vowels::a_n,ok,,0.5604406275945132,0.13571794414730068,0.3827218970989994,0.7749932054961198,-1.4177234322946777,1.797547168924421,0.5823794909157752,0.2252560284614319,0.5957343917468658,0.49256645539621235,0.9881881660190501,0.4242536108311956,40,20
Hyperfunktionelle Dysphonie::1113::vowels::a_n,ok,,0.5067757884840471,0.09658963893456701,0.37741578268394627,0.6648756305205493,-1.2979638761633032,1.6109548836894902,0.5240332317952006,0.16809898859900138,0.4584930266343177,0.4620780436118004,0.9918304652949411,0.4295970365489692,40,20
Hyperfunktionelle Dysphonie::1118::vowels::a_n,ok,,0.5484861515074626,0.13856431615962034,0.38791744955330715,0.7876223990789671,-1.4200836148108262,1.801746670731037,0.5950017042649959,0.23457401837310674,0.6166119267975647,0.4643734166558161,0.9918580076408969,0.2590082171706883,40,20
Hyperfunktionelle Dysphonie::1189::vowels::a_n,ok,,0.5447960608005211,0.12898593637104513,0.37995886386287114,0.7706608785968001,-1.395118098882243,1.7712871761287525,0.5807537979997184,0.23330162235205323,0.6352461839732797,0.48009811789443757,0.9913402003937004,0.37425365652741455,40,20
Hyperfunktionelle Dysphonie::1196::vowels::a_n,ok,,0.45488109291045015,0.11644464369383348,0.30055603087160077,0.64538874094371,-1.3586129317839934,1.4691592868890386,0.4762609574636832,0.20103999276413073,0.5434552884386914,0.3982078264448975,0.990743049448765,0.44501635977880477,40,20
Hyperfunktionelle Dysphonie::1204::vowels::a_n,ok,,0.5439047698301647,0.15145881291205776,0.361631924046535,0.7936591686119387,-1.4616494643948639,1.7845097128018022,0.5838633755922957,0.2491335560691526,0.645556246023768,0.45488051820902253,0.9902503805543488,0.3137320179834431,40,20
Hyperfunktionelle Dysphonie::1222::vowels::a_n,ok,,0.3272653379802244,0.09458210573486314,0.21093800312902283,0.4909221722425042,-1.2889241321937173,1.0803722066146662,0.3553497952976703,0.1655170463172979,0.44613726096404727,0.27567105612029275,0.99374000209617,0.31921916534069894,40,20
Hyperfunktionelle Dysphonie::1266::vowels::a_n,ok,,0.44514089608283697,0.14803312824377216,0.2603461170370047,0.6814518105062299,-1.453857003353567,1.464371848477483,0.4758265204579801,0.24089481717476144,0.6255587444785546,0.3642662285545045,0.9874744504868316,0.34251544462578415,40,20
Hyperfunktionelle Dysphonie::1280::vowels::a_n,ok,,0.5088918149045933,0.14117371705146048,0.34321930356162283,0.7514665306332918,-1.4298547373160309,1.6770639779190242,0.5545747508609432,0.23937909494576848,0.6239535529301672,0.42712411172385334,0.9901577034306052,0.2491536826588021,40,20
Hyperfunktionelle Dysphonie::1282::vowels::a_n,ok,,0.7216864049039198,0.24007794096175264,0.4139772046400823,1.0939738112652826,-1.7379508011838307,2.3572073271698946,0.7596402657539612,0.38627295521025884,0.9824542765123545,0.5995619594708307,0.9761860864107044,0.3979605936132954,40,20
Hyperfunktionelle Dysphonie::1284::vowels::a_n,ok,,0.5694930474199872,0.12436586158705701,0.4120738962560159,0.7837548836005773,-1.3807283957780312,1.8414753895971716,0.6030525921044548,0.2200124426224591,0.5995912508071437,0.5035934468652582,0.9917793542554414,0.36963358733633384,40,20
Hyperfunktionelle Dysphonie::1285::vowels::a_n,ok,,0.5627945496020519,0.19888161081240505,0.30926595682122904,0.8801656559379486,-1.610997388432081,1.8585949714464773,0.6005830495114611,0.32744637112231345,0.8506028093014302,0.45956199329333125,0.9827344428445529,0.38197543074720575,40,20
Hyperfunktionelle Dysphonie::1294::vowels::a_n,ok,,0.49488519631830785,0.1235033363840508,0.33546228768602854,0.6997532803096335,-1.379609655931709,1.6011033841413627,0.5218613087868105,0.21267543772146708,0.5712837709728005,0.4323403257894195,0.9904566077693926,0.39029216905916364,40,20
Hyperfunktionelle Dysphonie::1299::vowels::a_n,ok,,0.4443858641374264,0.11460319663755045,0.29801382350327515,0.637092625102444,-1.351718555106868,1.4449765365168095,0.47180076193991266,0.19878504517453438,0.5344211707249924,0.38531260164213355,0.9915275971346702,0.3781558707990962,40,20
Hyperfunktionelle Dysphonie::1310::vowels::a_n,ok,,0.7065464006403059,0.215940817414071,0.43131178070141385,1.044700557967506,-1.663051197304784,2.301101943803984,0.7437244365351304,0.3492823575585056,0.89874090372665,0.5926088180512163,0.9809847892181207,0.394269778341683,40,20
Hyperfunktionelle Dysphonie::1324::vowels::a_n,ok,,0.4722950595662058,0.124136574577364,0.3090874493651735,0.6730461089175074,-1.381919666165291,1.5276168704189812,0.4945184699018374,0.21086927219095974,0.5643773418257427,0.4097905923998385,0.9905391813616273,0.4413462535538299,40,20
Hyperfunktionelle Dysphonie::1327::vowels::a_n,ok,,0.4830864734606237,0.1598998584055844,0.29159668030536173,0.7421727246637948,-1.4878900507652353,1.600896812661437,0.5232911047815555,0.25777381752883044,0.6585094047484934,0.38908843269671356,0.9883633434927119,0.2906148288419783,40,20
Hyperfunktionelle Dysphonie::1331::vowels::a_n,ok,,0.6181746160225139,0.12712096085398086,0.4542274414410889,0.834211525234346,-1.3900794310947968,1.98723369596405,0.6489359158502792,0.22416287762651033,0.613401863892217,0.5525009810279515,0.9911375926453547,0.39762584802797013,40,20
Hyperfunktionelle Dysphonie::1335::vowels::a_n,ok,,0.5692352092397024,0.16904108624726688,0.37799104039928544,0.8595590374403924,-1.511621090822897,1.8962203978785142,0.6278331466560582,0.2813038030362524,0.7137064198730023,0.465832237691163,0.9898208778247953,0.22369982656748724,40,20
Hyperfunktionelle Dysphonie::1379::vowels::a_n,ok,,0.4728932436261844,0.15462674409569288,0.3008945133775812,0.7248244816796279,-1.4671816265500752,1.5779403620584096,0.5205959829709806,0.24150813608406732,0.6062989380530772,0.37052010964744464,0.9907886592033734,0.2028169614280461,40,20
Hyperfunktionelle Dysphonie::1380::vowels::a_n,ok,,0.6423133761125813,0.18127969873191993,0.4049904020755595,0.9351897349214232,-1.5571988830095278,2.0902257706729865,0.6751680341331989,0.3067542429741138,0.8104723287270366,0.5505952052146422,0.9875129343052897,0.44695353169751506,40,20
Hyperfunktionelle Dysphonie::1394::vowels::a_n,ok,,0.47860500710409093,0.12530506079654966,0.3241922909699645,0.6920052740366212,-1.3831548936116467,1.5645009382063673,0.5134628879607954,0.2158171886127959,0.5749220468165994,0.4097338572947834,0.9910832328398878,0.3269963009273817,40,20
Hyperfunktionelle Dysphonie::1406::vowels::a_n,ok,,0.4981884789237007,0.1535115524078617,0.31462458327212045,0.7460624213622696,-1.4684106402701618,1.6394306302693096,0.5364360637143234,0.24656889272766527,0.6325259042443809,0.4075853506363303,0.9881849837837383,0.2876589697712218,40,20
Hyperfunktionelle Dysphonie::1431::vowels::a_n,ok,,0.6174918869880619,0.14788233226422304,0.41717854774779883,0.8396007535528086,-1.4558258283852927,1.963537817812164,0.6305658493836853,0.23982434870708047,0.623831225869881,0.5489126351729782,0.98612950516928,0.509104876438137,40,20
Hyperfunktionelle Dysphonie::1442::vowels::a_n,ok,,0.4914140851458688,0.1819625104975226,0.2724164566401734,0.777881066803238,-1.5550323057753441,1.6391531378426942,0.5315111103084456,0.28608349956669854,0.7211638068992978,0.3834122088459846,0.9866425318525147,0.3138760801341246,40,20
Hyperfunktionelle Dysphonie::1443::vowels::a_n,ok,,0.5781786310228207,0.1545267468765511,0.37643540830408984,0.8200231373824053,-1.475381925189789,1.8623589009055201,0.6020067669969323,0.2536619976265026,0.6674061266305387,0.4998478600102534,0.9862667243337505,0.42727442579096364,40,20
Hyperfunktionelle Dysphonie::1459::vowels::a_n,ok,,0.8677737651770704,0.15320224417533415,0.6717220303727282,1.1242917613889876,-1.4699611501880603,2.770542530955505,0.9034221671180742,0.264736535070679,0.7048298246053744,0.7884990016055078,0.9893972047474583,0.39382638133671194,40,20
Hyperfunktionelle Dysphonie::1462::vowels::a_n,ok,,0.474006165908853,0.1125599304206907,0.31691236928915645,0.6509891683167115,-1.3479841408287054,1.50629922583728,0.4861119906156424,0.19437625704734887,0.535128505000205,0.5146684941441009,0.9900659821988459,0.9864519979478735,40,20
Hyperfunktionelle Dysphonie::1464::vowels::a_n,ok,,0.4220049493509211,0.1709740754583598,0.20737369932944175,0.6919239231072148,-1.5240187219864267,1.4144023797197784,0.45486654364550266,0.2761226741067149,0.7131432598089191,0.32819822550384825,0.9864186432219038,0.370078647965632,40,20
Hyperfunktionelle Dysphonie::1468::vowels::a_n,ok,,0.42671929141863085,0.09430656564426246,0.3050786478086128,0.5883143129991001,-1.289572197528412,1.3762541380704898,0.4504864846219127,0.167835197137933,0.4640361350703728,0.37875976089237884,0.9931812227171006,0.3784437685262965,40,20
Hyperfunktionelle Dysphonie::1471::vowels::a_n,ok,,0.4805490845163285,0.13183606786650245,0.3338084481962263,0.7046671579597786,-1.3977298117596986,1.590955239710064,0.5264511282462745,0.21535768666285124,0.5491187736200369,0.3955561152533651,0.9929867222099297,0.21445376343075223,40,20
Hyperfunktionelle Dysphonie::1476::vowels::a_n,ok,,0.653183760195168,0.17289438986528102,0.456712133572963,0.9456291082917501,-1.5229611000233936,2.152367784024608,0.7099406165131829,0.28364251712696714,0.7251955672790862,0.5441680157556297,0.9902733820634316,0.24263801968397977,40,20
Hyperfunktionelle Dysphonie::1492::vowels::a_n,ok,,0.5611644573528752,0.1397715645419503,0.39389631697750793,0.7988449327102557,-1.426183022187961,1.8310839555924774,0.6029787958556841,0.23679714978681557,0.6285992203646669,0.4800968944733959,0.9902670129610899,0.2838416492675971,40,20
Hyperfunktionelle Dysphonie::1500::vowels::a_n,ok,,0.46881184683674676,0.13940305716372997,0.2812200208384643,0.6971314077557269,-1.42966600154864,1.5269761249965053,0.492967435742385,0.24340988081708478,0.6718929467609356,0.4015206564884276,0.9890723340200216,0.46738352279177425,40,20
Hyperfunktionelle Dysphonie::1562::vowels::a_n,ok,,0.5385546238789953,0.14017043452981184,0.35778190643760127,0.7725526724209116,-1.4305884082935116,1.748943080454856,0.5700759228833941,0.24278648050349988,0.6575665525753496,0.4664321219055404,0.9894487159680567,0.3935177464115826,40,20
Hyperfunktionelle Dysphonie::1566::vowels::a_n,ok,,0.5623827808290115,0.15639625642189894,0.37773612587445976,0.8385300684770091,-1.4741324920631107,1.8662840824092668,0.6161805940920384,0.2737623107397355,0.7231950770111042,0.47145266025630717,0.9914887116909145,0.2912599688139964,40,20
Hyperfunktionelle Dysphonie::1569::vowels::a_n,ok,,0.7289033498239124,0.21317915991769418,0.42371899066326035,1.049000310860712,-1.659287747607097,2.3232520877485205,0.737750110726465,0.35973148378434633,0.9511755002658688,0.8088438939799517,0.9828086965729181,1.1963516871815283,40,20
Hyperfunktionelle Dysphonie::1571::vowels::a_n,ok,,0.4928366663004007,0.21353159691732324,0.20076718751139613,0.8115301918727446,-1.658473377995806,1.624488681647306,0.5086681354048743,0.34693996597227245,0.9062062766985512,0.5753483420607544,0.9794245328188242,1.170455713847349,40,20
Hyperfunktionelle Dysphonie::1591::vowels::a_n,ok,,0.4214083519807785,0.19245444082848598,0.18071289327831128,0.7247471214769334,-1.5901052801866156,1.4295091590239222,0.458426322662669,0.3097426675688865,0.7967720143371133,0.31588669934070235,0.9823945439012475,0.3525351590369743,40,20
Hyperfunktionelle Dysphonie::1594::vowels::a_n,ok,,0.4238623019012365,0.14198974041892354,0.25588961213275446,0.6822145229067947,-1.4296158358053135,1.4391167580413928,0.4768619119129637,0.2574481156088009,0.6913026012362584,0.34338114407872833,0.9923083390085092,0.2924528687316851,40,20
Hyperfunktionelle Dysphonie::1602::vowels::a_n,ok,,0.812452216984244,0.1562428663731749,0.5955591107461238,1.0683854111126203,-1.4830737947856922,2.577853740832037,0.8357498276178432,0.2783601658256982,0.7643877122913523,0.7472668668067625,0.9866218814826275,0.49449418881672613,40,20
Hyperfunktionelle Dysphonie::1607::vowels::a_n,ok,,0.4880264229912067,0.15220538861083238,0.30371402306172973,0.7412769575417961,-1.4641567640165436,1.6165920072894302,0.5289610000658753,0.2535346465164507,0.6657808907765794,0.399554509291131,0.9904403976981061,0.3171394135118373,40,20
Hyperfunktionelle Dysphonie::1608::vowels::a_n,ok,,0.42984644267394856,0.17597928099400975,0.2052265869680722,0.7113095966324381,-1.540715166336118,1.4396101526518077,0.4634391204194882,0.2906687761907822,0.7617439170127658,0.33763109370183897,0.9839505406333088,0.37795844451187033,40,20
Hyperfunktionelle Dysphonie::1637::vowels::a_n,ok,,0.8464141305136952,0.21670708998571409,0.5383760490983512,1.169286462234599,-1.6698962312146315,2.6847487755248607,0.8554432623476794,0.36116390868367565,0.9468513303725192,0.9264894142118056,0.9796610828863513,1.2333736160946853,40,20
Hyperfunktionelle Dysphonie::1643::vowels::a_n,ok,,0.5695865415926372,0.13940862642678958,0.39131174566012455,0.8052963243978288,-1.4276707935242983,1.847314108582494,0.6036403716413529,0.2433831853766612,0.6632247836810823,0.49650069705686817,0.9901693162587321,0.3798869232990955,40,20
Hyperfunktionelle Dysphonie::1648::vowels::a_n,ok,,0.47986261171104416,0.1614944675842547,0.2784605402728272,0.7509427808020964,-1.4946084286036307,1.5949684036958307,0.5210704912439577,0.27591054082007294,0.7396629931051315,0.3911789135252144,0.9879751689754904,0.34495927167762397,40,20
Hyperfunktionelle Dysphonie::1653::vowels::a_n,ok,,0.5527452801293584,0.21835370521589087,0.25574915939124204,0.8703935474179421,-1.672268982701959,1.797946579457757,0.5649763466425013,0.346047030555262,0.8892108272587711,0.643980533020742,0.9787096158311716,1.2685971728144076,40,20
Hyperfunktionelle Dysphonie::1660::vowels::a_n,ok,,0.6187107318384748,0.18519799700079795,0.38564670704580767,0.9190793629172288,-1.5680786853984556,2.02433814092908,0.6585518852692179,0.3072604332941976,0.8022581749057118,0.519241954403664,0.9851432813902483,0.3621295279412971,40,20
Hyperfunktionelle Dysphonie::1669::vowels::a_n,ok,,0.49863514352306515,0.1383777193162234,0.3139217425442056,0.7348736465240787,-1.4260415281788767,1.626912428677246,0.528933243963201,0.2500713164029366,0.6817021232693623,0.4352703820972543,0.98968388400216,0.4405768081857366,40,20
Hyperfunktionelle Dysphonie::1682::vowels::a_n,ok,,0.4659326869539058,0.14858675130578936,0.2772961487201142,0.7152856591439452,-1.4560404114760626,1.5381603299146949,0.5019422904683856,0.25636434127651314,0.6875034995930722,0.38875227903276954,0.9886500552561928,0.36174875193878125,40,20
Hyperfunktionelle Dysphonie::1686::vowels::a_n,ok,,0.4941404840074145,0.1563518892791761,0.29614920419138957,0.753365127446081,-1.4790014937376692,1.633255046422476,0.5301071749280821,0.2659735898191163,0.6971795942652714,0.4114917125669185,0.9893012585680321,0.3921268568844682,40,20
Hyperfunktionelle Dysphonie::1690::vowels::a_n,ok,,0.4670321668595553,0.092770566904423,0.3519699986882869,0.6285113098898519,-1.2839822028993786,1.5028603294993563,0.49472728289887635,0.16436092527506382,0.45221110774144524,0.41710106514433254,0.993188403647672,0.310471651051552,40,20
Hyperfunktionelle Dysphonie::1741::vowels::a_n,ok,,0.8036904204817381,0.1599407381828276,0.6014476427916515,1.080414796927959,-1.4898815291677203,2.586247027349608,0.8476643813294615,0.2840462582150445,0.7722496367070573,0.7201397971589429,0.9889299548678059,0.3602869077975506,40,20
Hyperfunktionelle Dysphonie::1745::vowels::a_n,ok,,0.6338548554724113,0.1540107883317714,0.4323081202302141,0.8776530285907509,-1.4739700543552812,2.0345636383512304,0.6590651750120491,0.2557625974349831,0.6742402483197956,0.556895468106111,0.9872233612621335,0.4251818579154927,40,20
Hyperfunktionelle Dysphonie::1753::vowels::a_n,ok,,0.5310254364171609,0.13681592967104808,0.36142032969692345,0.7529539312138136,-1.4197506937973134,1.7187052596113026,0.5620442165259224,0.22536422590402583,0.5800357621301861,0.45914976704686805,0.9874151411945405,0.32097236840413007,40,20
Hyperfunktionelle Dysphonie::1754::vowels::a_n,ok,,0.47162642142127015,0.11557386899639435,0.32144044359779217,0.6651842019942265,-1.3553563619033449,1.5252513500232496,0.49734040995943385,0.2017647791097575,0.5476576165922307,0.4141078591378913,0.9910914104434357,0.39905456886525303,40,20
Hyperfunktionelle Dysphonie::1758::vowels::a_n,ok,,0.7341765411425383,0.22328840931159896,0.4375873946492493,1.0723169215605617,-1.6875989700724872,2.3714371604390974,0.7588209481995092,0.359736320614582,0.9168991641510909,0.627322987104028,0.9800200155458165,0.4821927862944277,40,20
Hyperfunktionelle Dysphonie::1777::vowels::a_n,ok,,0.4651384591859441,0.1672595094639486,0.25369513016712325,0.7436490802731234,-1.5118861892233053,1.5574416480280022,0.5048122994492191,0.2856161575354949,0.7687957382823201,0.372974633022758,0.9894941502231485,0.3878107447210222,40,20
Hyperfunktionelle Dysphonie::1778::vowels::a_n,ok,,0.49239217890140957,0.1643589391582953,0.2788574594930537,0.7546958231316011,-1.505480580415857,1.6151154837763158,0.5214165851631811,0.27390244584402973,0.7298262847956094,0.40803192855928916,0.9860809293676114,0.41052726033484577,40,20
Hyperfunktionelle Dysphonie::1786::vowels::a_n,ok,,0.48178352843601635,0.12635804328123867,0.3218846453653957,0.6931394635922781,-1.3876921610749486,1.5675922819867696,0.5122115019365832,0.21684720754741593,0.5770825836711331,0.41588551365227155,0.9902806617330606,0.3626850384732774,40,20
Hyperfunktionelle Dysphonie::1792::vowels::a_n,ok,,0.5966222481032329,0.15946883345174562,0.38664972619214255,0.8529663031729066,-1.4909384708487228,1.9288232123575026,0.6240893980625224,0.269581623626654,0.7155614243064252,0.5179060144558629,0.9871669251463892,0.43881879320714334,40,20
Hyperfunktionelle Dysphonie::1794::vowels::a_n,ok,,0.3792412700058848,0.16973629775436364,0.17744910062550115,0.6585538750497207,-1.5176453626043445,1.3049127910025389,0.4251304867368699,0.2768664108760839,0.7086478785006611,0.27964993903723934,0.98726817673375,0.28072273814898996,40,20
Hyperfunktionelle Dysphonie::1800::vowels::a_n,ok,,0.5346208315144063,0.15511958208117188,0.3310729457827405,0.7881674495597772,-1.4772299253832875,1.7424264508842762,0.5642042172538649,0.2658657353628626,0.7146806916500967,0.45694194853264913,0.9882561626294284,0.43247119550706575,40,20
Hyperfunktionelle Dysphonie::1802::vowels::a_n,ok,,0.5441081410308243,0.11455590378315307,0.4036863941061772,0.739255159718231,-1.3499359795838357,1.7571030080963554,0.5765017564162663,0.19680227441831813,0.5238519380190527,0.4805156578883316,0.9922609238670753,0.32274255687898384,40,20
Hyperfunktionelle Dysphonie::1812::vowels::a_n,ok,,0.5479442044239218,0.1554641111875304,0.34093529455100285,0.8094777953795692,-1.4787857001776585,1.7869205585736538,0.5801226802273024,0.27652051043229847,0.7561021947574211,0.474287353969985,0.9881398163624052,0.4393315994651646,40,20
Hyperfunktionelle Dysphonie::1813::vowels::a_n,ok,,0.6278853647020031,0.1246719000510051,0.4775573554030527,0.8431695091656961,-1.379392626503027,2.0287918746321987,0.6662593767784244,0.21539160943150318,0.5710469553904307,0.5571602366185548,0.9926876016816238,0.31286024660090855,40,20
Hyperfunktionelle Dysphonie::1816::vowels::a_n,ok,,0.45261669453186826,0.16529675936453742,0.25906872950989157,0.729091784976447,-1.5031614593729765,1.5250199558647406,0.5018281909886119,0.2720561151632013,0.7015479648831535,0.3536494873521475,0.9882915746067744,0.25614689913165556,40,20
Hyperfunktionelle Dysphonie::1822::vowels::a_n,ok,,0.5469337908158849,0.16639314410932746,0.3299830250254591,0.8104982503921762,-1.5122080408878833,1.7787070554594846,0.5744299096840237,0.2758308341434995,0.7184068650412301,0.4651078623414413,0.9848636988805074,0.4214753764730465,40,20
Hyperfunktionelle Dysphonie::1823::vowels::a_n,ok,,0.5496778333177239,0.1685396486487569,0.3198210782425647,0.8071764126736478,-1.5201721029372746,1.7737435511306618,0.5660244318777622,0.27850365183392756,0.7215188330093785,0.4751203562025561,0.9845928624859142,0.5243192768810567,40,20
Hyperfunktionelle Dysphonie::1861::vowels::a_n,ok,,0.5486614629509009,0.15481189049414062,0.35192612502030574,0.7993315810824766,-1.4752543169081758,1.7852183333505267,0.5807540794949055,0.25807321641363057,0.6835614329358042,0.46664682607612595,0.9875442210078578,0.3731042282963962,40,20
Hyperfunktionelle Dysphonie::1887::vowels::a_n,ok,,0.6570141453070715,0.10566038745085878,0.5325025364729943,0.8448307805043991,-1.3212027591799558,2.1064379569950846,0.6945997184974662,0.186408785958737,0.5033336003012661,0.5959289314340442,0.993171383240909,0.25746534680603467,40,20
Hyperfunktionelle Dysphonie::1888::vowels::a_n,ok,,0.6135492991876688,0.14574745966869776,0.434254300135863,0.8656501532317809,-1.445399824660664,1.9964649672570358,0.6567142602468338,0.2549214584877742,0.6842808902533926,0.5341341587504241,0.9901608609829435,0.31657864731906066,40,20
Hyperfunktionelle Dysphonie::1891::vowels::a_n,ok,,0.6264525910958848,0.13557413943853447,0.45727288239376057,0.8517617501211424,-1.4150055526352632,2.0186309530380604,0.6597495893309219,0.2293611148060454,0.6113327887735256,0.5516676051550267,0.9905280409963175,0.35272913838260306,40,20
Hyperfunktionelle Dysphonie::1895::vowels::a_n,ok,,0.4715142364920234,0.13998998304672905,0.28879617783390016,0.69181609668719,-1.4306331033538622,1.5298125273950247,0.4939259963587329,0.23093707122333307,0.6110018706478386,0.400295274709192,0.9879938070034158,0.42340924742751823,40,20
Hyperfunktionelle Dysphonie::1898::vowels::a_n,ok,,0.5612482947598887,0.13616405378559296,0.3721810236373348,0.7751828321246739,-1.4209571658197497,1.788144462799322,0.576247456864025,0.23374090854336677,0.6311086326181337,0.6061138718686007,0.9876117138905673,0.9911591426094748,40,20
Hyperfunktionelle Dysphonie::1900::vowels::a_n,ok,,0.7145597455215598,0.11631908791378795,0.564409604369959,0.9076242977697265,-1.3573087044124805,2.2706958433922457,0.7400064040579603,0.2004897955802804,0.5442806884266158,0.6542789813281179,0.9912579710463452,0.3979620538657761,40,20
Hyperfunktionelle Dysphonie::1903::vowels::a_n,ok,,0.7024487292088689,0.19293373244763934,0.445453845457875,1.0114412009508391,-1.594433843758786,2.272107482556877,0.733399293452227,0.3272928820830735,0.8678223010949111,0.6094423569858649,0.9851868793288767,0.45725906910032216,40,20
Hyperfunktionelle Dysphonie::1906::vowels::a_n,ok,,0.5981005924837122,0.15165672333552913,0.41255491963468494,0.8598962893166925,-1.4628322042356952,1.9568872257187893,0.6431011987997348,0.2638355828633623,0.7016027353764303,0.5144695020276784,0.9901765411060149,0.3223194110726262,40,20
Hyperfunktionelle Dysphonie::1910::vowels::a_n,ok,,0.45436189212492256,0.09605413158067226,0.34339617253554716,0.6244859659933955,-1.291255067208681,1.4781962234232795,0.4893643131182094,0.1670788707727482,0.44141633259821944,0.39768024899607823,0.9939960074022778,0.24187849248901874,40,20
Hyperfunktionelle Dysphonie::1927::vowels::a_n,ok,,0.6518307797580223,0.17378495770302627,0.42723155780531025,0.9334301494345536,-1.5336740186785691,2.114740251618075,0.6856018596097164,0.2926143029511679,0.7770677535729011,0.5607174681999334,0.9876664652414235,0.41857133230693433,40,20
Hyperfunktionelle Dysphonie::1929::vowels::a_n,ok,,0.5762673448680913,0.15524787514644955,0.3773872158477703,0.8345411599498861,-1.4765519253575516,1.8769873244315862,0.6113931439367315,0.26683674501177734,0.71369427381306,0.49597019494474714,0.9886300222501079,0.3899612592421542,40,20
Hyperfunktionelle Dysphonie::1934::vowels::a_n,ok,,0.7490394982858736,0.16009665972069204,0.5530187651407855,1.0259675346257076,-1.488910283347675,2.4238847131173245,0.796810540657038,0.2793612521123201,0.7492209899591495,0.6605252220742364,0.9889813410512234,0.3174653909752975,40,20
Hyperfunktionelle Dysphonie::1944::vowels::a_n,ok,,0.46912974985127187,0.12388509897668559,0.30668122869425046,0.6704886697024404,-1.3815395542583748,1.5158611340629444,0.49218181670913597,0.21119119643782822,0.5632002530232665,0.4089135404665255,0.9893049289945588,0.4155465999513184,40,20
Hyperfunktionelle Dysphonie::1952::vowels::a_n,ok,,0.5959899366571604,0.15931975211917734,0.39616124632155975,0.8608783261214901,-1.488780259424423,1.9393758920915936,0.6345580024751634,0.2705151380528299,0.7166853636514672,0.5116829795144275,0.9869578374425277,0.3410136606166671,40,20
Hyperfunktionelle Dysphonie::1964::vowels::a_n,ok,,0.43678367832037307,0.14449587689342258,0.26119669150000724,0.6772107959410247,-1.4410030947755934,1.4531896153244777,0.47525413550049295,0.24118581984159412,0.6361583239286328,0.3532197692885113,0.9903845225860664,0.3187579331739906,40,20
Hyperfunktionelle Dysphonie::1976::vowels::a_n,ok,,0.5064359482016854,0.11151525238450256,0.3675480345080638,0.6878133908406026,-1.3417449206191696,1.6275290675980092,0.5317767357908085,0.1846046412728714,0.48782018150314466,0.44507288468123374,0.9910435586903006,0.3364488941462383,40,20
Hyperfunktionelle Dysphonie::1978::vowels::a_n,ok,,0.6064146008002612,0.139836416472059,0.429510760900015,0.8304230576249022,-1.4291458311838894,1.9474235634351695,0.6344323306015349,0.23020948975990982,0.608603299921314,0.5309461117376525,0.9879458900377747,0.36426624617263625,40,20
Hyperfunktionelle Dysphonie::1982::vowels::a_n,ok,,0.5302905496857232,0.11072265656361063,0.3842341058605846,0.7084711494910348,-1.3409560743004498,1.6932231744607564,0.5492827290415794,0.1876263346984476,0.49976707190091796,0.47605965309558185,0.9908711439659721,0.44199655424616324,40,20
Hyperfunktionelle Dysphonie::1983::vowels::a_n,ok,,0.5528113221756641,0.12195184351114845,0.40285068263627455,0.7641117392646267,-1.3726918336895055,1.7905227700596116,0.5893204115631784,0.21387817760314493,0.584115354250776,0.48555561767720257,0.9915946925514558,0.3119100271137866,40,20
Hyperfunktionelle Dysphonie::1988::vowels::a_n,ok,,0.4966950979845284,0.13110724982361996,0.34182818240961954,0.7372163841607687,-1.3977473587120754,1.644880822789725,0.5470461468898273,0.23983304131399244,0.6424188511194577,0.42381435606023443,0.991646975167392,0.26598466931266046,40,20
Hyperfunktionelle Dysphonie::1989::vowels::a_n,ok,,0.5367691356767386,0.12312052980008571,0.36782293722939774,0.7393638408438233,-1.3802633125353636,1.7186405104259446,0.5567486487841504,0.2185323612127868,0.5993292456087951,0.48270516664900653,0.9899065954211145,0.4842737718033369,40,20
Hyperfunktionelle Dysphonie::1990::vowels::a_n,ok,,0.5528638891082055,0.13758939718983051,0.384924425984636,0.7924382260893557,-1.4198684408949316,1.8072060183643117,0.5952070336504971,0.2414300115577678,0.6530960957816792,0.47591309070217425,0.9907639460991132,0.31309703742857764,40,20
Hyperfunktionelle Dysphonie::1993::vowels::a_n,ok,,0.5290309528927136,0.19042205733171733,0.30088806496408893,0.8297495005813332,-1.580449665249993,1.76183046678575,0.5721376091577125,0.29949309978849775,0.7551154461495284,0.41477065929563695,0.9863663836611831,0.30868202949823564,40,20
Hyperfunktionelle Dysphonie::2012::vowels::a_n,ok,,0.7253573759872588,0.19923375217656686,0.4697344088441232,1.052924879188612,-1.6121330340038096,2.360500549569185,0.7677122309063558,0.3386820466017383,0.8916267324379943,0.6235529746772128,0.9841779818795775,0.39301369421229243,40,20
Hyperfunktionelle Dysphonie::2034::vowels::a_n,ok,,0.5525314051751229,0.12691498751604685,0.39965390906806375,0.7726767263354176,-1.3863651566328998,1.8001091001994667,0.5922321378995273,0.22018003154988736,0.583548968495545,0.480905006962149,0.9922402454960966,0.3068267881157866,40,20
Hyperfunktionelle Dysphonie::2062::vowels::a_n,ok,,0.5262846406926008,0.12827674237271047,0.3606072842111161,0.7337213531515814,-1.394176331716568,1.6963005179379933,0.5510481606758408,0.21559157509053656,0.5748171104900752,0.45951080913613096,0.9899156016071908,0.40714822929213773,40,20
Hyperfunktionelle Dysphonie::2067::vowels::a_n,ok,,0.3647476528569114,0.08252228289877256,0.27102709024666577,0.5268632402175598,-1.2476376843950667,1.2052721352198361,0.40519275997084475,0.16135924775918464,0.4485660855716658,0.31825500311592325,0.9955303815623336,0.21851977757116664,40,20
Hyperfunktionelle Dysphonie::2071::vowels::a_n,ok,,0.45508860076851265,0.1780540425537414,0.24425625962110395,0.7503387248488311,-1.542287541816443,1.543545839766071,0.504945361576624,0.29203112610025916,0.7517061529716296,0.34866059846821607,0.9875611179132872,0.28370962382772374,40,20
Hyperfunktionelle Dysphonie::2077::vowels::a_n,ok,,0.5888074499858282,0.17472001518511943,0.36048206448646586,0.8630471992324699,-1.5376282718194667,1.9097592270540735,0.6161661663357993,0.2876169812096184,0.7524150352986805,0.5013997507386646,0.9852073477679757,0.42778268345857956,40,20
Hyperfunktionelle Dysphonie::2080::vowels::a_n,ok,,0.48944118405685144,0.11547868364205872,0.34236086316437486,0.6827040012692903,-1.3534039944456406,1.58708166328851,0.5166515357556639,0.1990629200291657,0.5302431994230439,0.42825616704367775,0.993033029966873,0.40668509237253436,40,20
Hyperfunktionelle Dysphonie::2081::vowels::a_n,ok,,0.6303082429830642,0.1793602204541579,0.3982145840412682,0.930543141554222,-1.5515635687287515,2.0584770896099283,0.6703808555821897,0.31203238219074775,0.8289709520361308,0.543165783867475,0.985333367866585,0.39588228786134005,40,20
Hyperfunktionelle Dysphonie::2090::vowels::a_n,ok,,0.630255927238008,0.17533651788662832,0.4031916697195188,0.9155025589212137,-1.539224239837614,2.0476029730149925,0.6647530097176944,0.29674832764972064,0.7845122675553333,0.5422622503022583,0.9860772050320555,0.40381273122456907,40,20
Hyperfunktionelle Dysphonie::2102::vowels::a_n,ok,,0.5610037368932759,0.14040890227689434,0.4024477872683542,0.8018942159545926,-1.4239558749859786,1.8460829309797355,0.6095762260353269,0.2332384632141411,0.5947777146464346,0.47324434519265746,0.9924661260831105,0.23961891776431482,40,20
Hyperfunktionelle Dysphonie::2104::vowels::a_n,ok,,0.7030791432019938,0.11939186684029915,0.5637447621163896,0.9301984878472761,-1.359809822329824,2.274903028847104,0.7547819262200886,0.22672071404481,0.6241638272672754,0.6359776207109603,0.9937672243874367,0.26109177754703566,40,20
Hyperfunktionelle Dysphonie::2105::vowels::a_n,ok,,0.5652790031733301,0.18170804165798027,0.3387835036159107,0.8510436364084042,-1.5569757917665288,1.853166631085686,0.6002909257288239,0.29110853740671405,0.73482108857658,0.4667047709501694,0.9844893411233633,0.35744873647873004,40,20
Hyperfunktionelle Dysphonie::2107::vowels::a_n,ok,,0.5667443018435313,0.17257131802348927,0.3593428074334201,0.862108706600526,-1.5259827757113782,1.881317558626698,0.6186655302498032,0.2947684089333069,0.7731446219418849,0.46874842634430935,0.9885987706802322,0.29959897568640587,40,20
Hyperfunktionelle Dysphonie::2114::vowels::a_n,ok,,0.6002269520189727,0.14164399892150656,0.4209118344955965,0.8325974226639057,-1.4343412547830874,1.9391895526427085,0.6316565041033224,0.2384057731134467,0.6220605563131785,0.5260923645057887,0.9900273355625274,0.3790516523712137,40,20
Hyperfunktionelle Dysphonie::2121::vowels::a_n,ok,,0.6323170219326113,0.14335377580930742,0.454977482739902,0.875504065263291,-1.4382561504329914,2.048356404746557,0.671248436357153,0.24643763382625716,0.6583085054596403,0.553336271983581,0.9902294522797707,0.33916503078474014,40,20
Hyperfunktionelle Dysphonie::2122::vowels::a_n,ok,,0.45646549278354936,0.10955365707738571,0.3144232886965903,0.6317564230994029,-1.3368464641011788,1.4674869129273747,0.47627514205517085,0.1827130012569135,0.4836109569650624,0.4004156284239707,0.9912231923080794,0.4098350312267675,40,20
Hyperfunktionelle Dysphonie::2124::vowels::a_n,ok,,0.660409624497174,0.18510288386202023,0.42728846339165416,0.9560816720174858,-1.5680139605627195,2.146396094327445,0.6972514240718543,0.30275878263330785,0.7760192679071789,0.5620502226094468,0.9840862831494528,0.36896559615912916,40,20
Hyperfunktionelle Dysphonie::2135::vowels::a_n,ok,,0.7185374275529778,0.15740262885493128,0.5285090940911927,0.9833125828940361,-1.481088725127919,2.321469910564738,0.7628246951028254,0.264793731203471,0.6867234676714649,0.6313643301647072,0.987972497806184,0.28859760956692465,40,20
Hyperfunktionelle Dysphonie::2138::vowels::a_n,ok,,0.625275396062691,0.1420717924462528,0.44377015766688327,0.8639143815807416,-1.4359169098992357,2.0190260799556508,0.658966973039116,0.24612939173842596,0.6561598929767776,0.5525862110390718,0.9897182452653585,0.3860961991510734,40,20
Hyperfunktionelle Dysphonie::2139::vowels::a_n,ok,,0.5823863342626853,0.17118160061747437,0.34620891712822954,0.8509653539371322,-1.5290330913680807,1.8779199740751185,0.6014968074374897,0.291805396963108,0.7694191920921694,0.6335945075198204,0.9845844008631857,1.0157335782693562,40,20
Hyperfunktionelle Dysphonie::2151::vowels::a_n,ok,,0.5746434654161653,0.12795261236686015,0.4170041508583721,0.7884502322368964,-1.391891809174569,1.853463851450523,0.6081165991526674,0.21624531338228117,0.5714140160580166,0.5051081509242544,0.9900276606161968,0.3097746299537615,40,20
Hyperfunktionelle Dysphonie::2184::vowels::a_n,ok,,0.501699004875005,0.1256675837118958,0.34907527585017906,0.710713849409994,-1.3838460277561304,1.6320124909056577,0.5352196937097191,0.2096903301797227,0.5537938958361202,0.429598818560335,0.991005846292922,0.3078950831040713,40,20
Hyperfunktionelle Dysphonie::2185::vowels::a_n,ok,,0.6163456580058385,0.2273777293350237,0.34231275678252904,0.9712385189339731,-1.693809997848471,2.0494474057269856,0.6643136958021174,0.35484224162082495,0.893517831425962,0.48074877511604397,0.9818921862537663,0.3118119209571176,40,20
Hyperfunktionelle Dysphonie::2186::vowels::a_n,ok,,0.6843117386811903,0.16475839360461686,0.45738860836204887,0.9395929157423689,-1.5089082371688625,2.1790273872832353,0.7012709646185822,0.2776844385507908,0.7415764271267005,0.7401665687696579,0.9843385297151361,1.0444315290059356,40,20
Hyperfunktionelle Dysphonie::2215::vowels::a_n,ok,,0.6179844377167378,0.1257512995498609,0.455429362705291,0.8293233051428295,-1.386234548736472,1.9822423420008604,0.6469607459361209,0.21959813195555447,0.5991665137275151,0.5534817309308893,0.9909543012105168,0.3938598805094954,40,20
Hyperfunktionelle Dysphonie::2221::vowels::a_n,ok,,0.5141060303346744,0.14001586007623135,0.349868229032392,0.7576219028678154,-1.4253744022415575,1.6970160597778097,0.5610052106635338,0.24042802085113274,0.6369547605522867,0.43106771902868823,0.9911963479652893,0.265927433274178,40,20
Hyperfunktionelle Dysphonie::2224::vowels::a_n,ok,,0.5002641675266688,0.21426937545205238,0.24062533549676793,0.83029492760097,-1.653873526245773,1.682597019775884,0.5422475464594231,0.3314235559752651,0.8406235282143086,0.371927276587835,0.9822748195546847,0.31390417353121913,40,20
Hyperfunktionelle Dysphonie::2225::vowels::a_n,ok,,0.5606112369283693,0.1502140448471154,0.38546988549538563,0.8197243693264213,-1.4558754391083202,1.8486305589315353,0.610196702687593,0.25479149327761386,0.6653724871736473,0.47054341987767856,0.9909362335450583,0.26618042954857246,40,20
Hyperfunktionelle Dysphonie::2228::vowels::a_n,ok,,0.6747728224359365,0.13069182127486523,0.5310534885963585,0.9005649153002864,-1.394453097951692,2.185450101524443,0.723401460123358,0.21629583034461783,0.5577042637822354,0.5902722055001605,0.9916145303413673,0.18798869890720388,40,20
Hyperfunktionelle Dysphonie::2229::vowels::a_n,ok,,0.5129037018496965,0.1487019706787661,0.3158814700979314,0.7480901669738709,-1.4581758073911018,1.660852915692304,0.5355715340807399,0.24863488601007863,0.6542590723915396,0.44144511721496915,0.9872214182373389,0.44780967945067784,40,20
Hyperfunktionelle Dysphonie::2230::vowels::a_n,ok,,0.7607667460295939,0.13996191769142557,0.575738878655642,0.9949754043046992,-1.4310196286129915,2.42373486241485,0.7900615307883212,0.2467803661142974,0.6793565317539993,0.6929741963982972,0.9890103022793033,0.4161281230907752,40,20
Hyperfunktionelle Dysphonie::2232::vowels::a_n,ok,,0.685614212819665,0.225494779061194,0.3967332393056063,1.024436158019784,-1.692440444816101,2.2236961793604424,0.7152868358507736,0.3529505796357445,0.8891768341149735,0.5709872075745344,0.9763513537791186,0.3953886796528792,40,20
Hyperfunktionelle Dysphonie::2233::vowels::a_n,ok,,0.8105808191920447,0.2077492202138589,0.5090956045087098,1.1267980701281362,-1.643159972887681,2.5728856784209073,0.8195686614672594,0.35778931781800294,0.9577364467483385,0.8834111299506394,0.9816971155392609,1.1853452871370367,40,20
Hyperfunktionelle Dysphonie::2239::vowels::a_n,ok,,0.6857751809448298,0.1539768270295716,0.5051183331137417,0.9613098706437376,-1.4663889936795422,2.2430100082782096,0.741536772726883,0.272856415948104,0.7264364790248896,0.5963431754117288,0.9912278103861373,0.27897561586336983,40,20
Hyperfunktionelle Dysphonie::2240::vowels::a_n,ok,,0.7269651026855728,0.18015793445717765,0.49523379044132637,1.005215312660423,-1.553985357761515,2.3291665552266947,0.754673254800827,0.28950853989828285,0.7363213326390508,0.6372899230178625,0.982910238241582,0.3944032458757228,40,20
Hyperfunktionelle Dysphonie::2241::vowels::a_n,ok,,0.7660394841751461,0.2527819374138473,0.45185970958689153,1.1689223111039708,-1.7740004421480227,2.5253616251691424,0.8184496884756145,0.40939170391362883,1.0486387440930551,0.6255750037145229,0.9804333009479053,0.3599508669306126,40,20
Hyperfunktionelle Dysphonie::2245::vowels::a_n,ok,,0.6911190448738403,0.2086648237612268,0.4272509724367058,1.0405104082029655,-1.6391037789747256,2.2787523404688725,0.7413345908688163,0.3581609387177429,0.9387756744545941,0.582174604185848,0.985918189328543,0.38640862560221234,40,20
Hyperfunktionelle Dysphonie::2270::vowels::a_n,ok,,0.5821204232086956,0.21916419364606463,0.30636866099361776,0.9270717938945354,-1.6721057847183687,1.9346590396327772,0.6231209284489139,0.3533428624583103,0.902163031596686,0.46420024542753757,0.9820872941620696,0.37511660183929835,40,20
Hyperfunktionelle Dysphonie::2272::vowels::a_n,ok,,0.47154645038144116,0.14093171986340675,0.3021767551320372,0.706087488039117,-1.430258375684304,1.553554438576686,0.5102616608372836,0.23399524332761995,0.6134889748755619,0.38988291362427185,0.9894435793386592,0.28816554030969704,40,20
Hyperfunktionelle Dysphonie::2288::vowels::a_n,ok,,0.5947797948287732,0.1450873684045269,0.4122305323460153,0.833544109405972,-1.4444724083379925,1.9260205152072734,0.6280400195603633,0.2441614157470356,0.6494027721790969,0.5149675683613337,0.9896403024775736,0.3710802745266221,40,20
Hyperfunktionelle Dysphonie::2292::vowels::a_n,ok,,0.4047742990872011,0.14557023675421973,0.21943803448713162,0.6391014540316894,-1.4472425075608701,1.3389653014703553,0.4337685079420369,0.24168648690758557,0.6379748590726297,0.3283963673866317,0.9866008712607428,0.3687059763892645,40,20
Hyperfunktionelle Dysphonie::2293::vowels::a_n,ok,,0.4661412099944629,0.07313436972045415,0.37377745802053114,0.5954412530123576,-1.2239799390802157,1.4868284133386593,0.4880904429636529,0.1329787792710834,0.3700758564853346,0.4282034117151552,0.9948351255383291,0.33845477445346644,40,20
Hyperfunktionelle Dysphonie::2298::vowels::a_n,ok,,0.7277760824507237,0.16761871313725388,0.518210878449123,1.009188558820091,-1.5132523274660672,2.3547860208753204,0.7702304189698508,0.28675433677099427,0.7637034145465202,0.6370332087843612,0.9880165748248888,0.3540377715882988,40,20
Hyperfunktionelle Dysphonie::2307::vowels::a_n,ok,,0.6976509215496703,0.1381412468780794,0.5285785825092152,0.936498222944767,-1.4220512734250352,2.2478709215579036,0.7389584276314455,0.2409065648471424,0.6452963124057307,0.6218939506103096,0.9903416341318243,0.31033063339683864,40,20
Hyperfunktionelle Dysphonie::2317::vowels::a_n,ok,,0.6859411703201908,0.12221068585237105,0.5371280176080665,0.8987717967223241,-1.3730321422211218,2.2015032773683814,0.7239284533031309,0.21431752477404742,0.5810868805826734,0.6178700058166475,0.9916519422460229,0.3020926063624178,40,20
Hyperfunktionelle Dysphonie::2331::vowels::a_n,ok,,0.7085764571026099,0.20692768460429184,0.45946979365564,1.0393222227845755,-1.631188975817026,2.322167055383829,0.7569216410798741,0.33011590281327674,0.8371725924815161,0.5863954017549524,0.9851948761001241,0.31607386465385506,40,20
Hyperfunktionelle Dysphonie::2338::vowels::a_n,ok,,0.6884221457315423,0.15631124997953122,0.4782450782878993,0.9504141492176474,-1.4819952041847273,2.2113668063687446,0.7190795221986874,0.27863373239767125,0.757125208335923,0.617708497391267,0.9878410424056846,0.4474756413083972,40,20
Hyperfunktionelle Dysphonie::2363::vowels::a_n,ok,,0.5784756956256137,0.15797114770577442,0.3770581650423621,0.8377767410964949,-1.4853160150275495,1.8809454217134118,0.6125632079472252,0.2672022162837403,0.7012019550559052,0.49735244914488685,0.9867975419333745,0.37779652956826465,40,20
Hyperfunktionelle Dysphonie::2370::vowels::a_n,ok,,0.6673959151814257,0.1190493567914918,0.5135575818641849,0.8682809497550197,-1.3653254576523604,2.131463042913682,0.6952936023974897,0.208703574340446,0.572025440685076,0.6056368935355687,0.9919687878911139,0.40225260714702293,40,20
Hyperfunktionelle Dysphonie::2374::vowels::a_n,ok,,0.5161098318881503,0.16431782866523523,0.31602883816432475,0.7816107742209385,-1.5022232160863065,1.7002289788459528,0.5549784740525572,0.2667271633272519,0.693924292519887,0.42083804425485005,0.9871908308644346,0.31401655446637733,40,20
Hyperfunktionelle Dysphonie::2378::vowels::a_n,ok,,0.7178204807704678,0.20323015115295373,0.4363421898903699,1.0453272831112108,-1.6274275452134053,2.323706062979365,0.7448890922353723,0.35570219987628554,0.9639055178742559,0.6259427948808569,0.9850761217440238,0.541227952190066,40,20
Hyperfunktionelle Dysphonie::2398::vowels::a_n,ok,,0.5480311633759982,0.13593092969612872,0.3931152069456393,0.7874147025366074,-1.4111789829770545,1.8037130700176847,0.5980055294699141,0.23332018380179662,0.609049080391578,0.46549411414343245,0.9922988075469987,0.23299609576051342,40,20
Hyperfunktionelle Dysphonie::2399::vowels::a_n,ok,,0.489992240652236,0.14223867005887394,0.3179177588550264,0.7157599147548422,-1.4350891164254638,1.5969889016443206,0.5220256004245675,0.226285627039589,0.5735879213389103,0.4098969384844353,0.9874715458326284,0.2895856746318426,40,20
Hyperfunktionelle Dysphonie::2420::vowels::a_n,ok,,0.6326185216438491,0.20486658431430668,0.38114752191008305,0.9591653027268108,-1.626992034937104,2.081644061524407,0.6771005081008477,0.3294886865980938,0.8380916364082434,0.5174427597347719,0.9832389377860278,0.3267806932684207,40,20
Hyperfunktionelle Dysphonie::2425::vowels::a_n,ok,,0.6308953515413557,0.18443894936305666,0.38329573191723537,0.9292615739035921,-1.5686959216566598,2.0500058876922584,0.6609668605061392,0.3173991404421962,0.8454557014743731,0.5453172122727434,0.9856772961345239,0.4689708926855135,40,20
Hyperfunktionelle Dysphonie::2438::vowels::a_n,ok,,0.6522891839967702,0.20550358006493696,0.37414112590644805,0.9604374957414248,-1.6335798417557221,2.1040331777269774,0.6699827333455057,0.332477484650416,0.8505791317983209,0.5585042696395015,0.9804583602104023,0.5212518305046755,40,20
Hyperfunktionelle Dysphonie::2447::vowels::a_n,ok,,0.7111905615672797,0.19542320344621159,0.4690470530456016,1.029519825410066,-1.5991727781180651,2.314714065044111,0.7562600075962994,0.3228562986777216,0.8316751736600558,0.6067239645189968,0.9832384932243772,0.328976656932414,40,20
Hyperfunktionelle Dysphonie::2449::vowels::a_n,ok,,0.6753230114649228,0.18711635513978578,0.42816818952611135,0.973545312794857,-1.57639423692179,2.183706766797364,0.7055787096816915,0.3144599852368548,0.8301632739199007,0.5846258705888885,0.9841144560094874,0.44211354843924644,40,20
Hyperfunktionelle Dysphonie::2454::vowels::a_n,ok,,0.5592260700752042,0.14690344832555646,0.3918939339356256,0.81586631075816,-1.4443043523331025,1.8477743443518133,0.6119330558787711,0.2499290151222893,0.6486854927009893,0.4696348270241095,0.9914554532247166,0.23906495703135597,40,20
Hyperfunktionelle Dysphonie::2463::vowels::a_n,ok,,0.6493287479773524,0.22420610341507005,0.37805278651103036,1.0098775245304508,-1.6845410797417384,2.158220791841754,0.7021433091575878,0.3607263306300169,0.9158355983972459,0.5193280514579479,0.9837074750018496,0.3190735618885256,40,20
Hyperfunktionelle Dysphonie::2466::vowels::a_n,ok,,0.5917639830964003,0.1470072948447453,0.41206996210843705,0.8435287746107037,-1.4483916575275446,1.933243366765189,0.6342685432316852,0.25350216702097356,0.6703850095053325,0.5099607169118778,0.9908120771995637,0.32957579209691423,40,20
Hyperfunktionelle Dysphonie::2471::vowels::a_n,ok,,0.6638683456471928,0.1907449044454773,0.4062168451858618,0.9631089850965789,-1.588638851888891,2.140509664569036,0.6886263155220835,0.3207108093236318,0.848940786557598,0.5778632853160365,0.9826926155936488,0.4788272182798874,40,20
Hyperfunktionelle Dysphonie::2479::vowels::a_n,ok,,0.563054107202887,0.15468258880151145,0.35324389606121076,0.8075990123009339,-1.4772393152741898,1.814778925408038,0.5835344365471898,0.26249161329110215,0.7006469974633407,0.49131949386346996,0.9868411033581834,0.5006151625487727,40,20
Hyperfunktionelle Dysphonie::2480::vowels::a_n,ok,,0.6186226150720251,0.14611320727524285,0.4308418491704853,0.8671113152547494,-1.4491656052595618,1.9986527607706637,0.654691854057931,0.2575267496758348,0.6989295717428736,0.5465582748146725,0.9880865973618838,0.36360586763215996,40,20
Hyperfunktionelle Dysphonie::2482::vowels::a_n,ok,,0.6224516273344234,0.1860793420753641,0.39049542335521076,0.929929196053523,-1.5708772682465444,2.039921599733226,0.6671104897831467,0.31296873245160306,0.8182909342973326,0.5243794910501015,0.9838494265002904,0.3312999356148251,40,20
Hyperfunktionelle Dysphonie::2487::vowels::a_n,ok,,0.7146865916758801,0.2172276962983549,0.44229816650733544,1.0614508732762806,-1.6655104867686492,2.3400340201388636,0.7587732031547837,0.35410172333211604,0.9133751910096972,0.5952064867637724,0.9840185501222787,0.3730384306866946,40,20
Hyperfunktionelle Dysphonie::2492::vowels::a_n,ok,,0.8011494335990882,0.19637045304270656,0.5451991572706743,1.1023669804939709,-1.6044150853384846,2.560707002942891,0.8280921339040626,0.3162975708997662,0.8059934876877097,0.706630880872221,0.9806935077181732,0.41929354069023006,40,20
Hyperfunktionelle Dysphonie::2517::vowels::a_n,ok,,0.659928829917971,0.15433396335139193,0.4471744468208061,0.909379167321564,-1.476984788845486,2.1089977840491,0.681744588870276,0.27025441229166686,0.7326503542369522,0.5944755603637389,0.9864741135849888,0.49630261648845125,40,20
Hyperfunktionelle Dysphonie::2521::vowels::a_n,ok,,0.6989942416697427,0.1733542394466824,0.4559924652140052,0.9707105170709965,-1.535928741390221,2.231233522816796,0.7160995844772895,0.29862030657110494,0.8104637475281651,0.6246472386229359,0.9848662217922923,0.5519583216124598,40,20
Hyperfunktionelle Dysphonie::2523::vowels::a_n,ok,,0.7391481981233767,0.15864051666827755,0.5415014290014103,1.015351546916015,-1.484992341631012,2.3918783063250073,0.7855816356073952,0.2812732627535763,0.7613367792700227,0.6544398270635814,0.9895688209576076,0.3398938740050021,40,20
Hyperfunktionelle Dysphonie::2526::vowels::a_n,ok,,0.6716215818963334,0.1711454640241429,0.444776452797567,0.9535053866868662,-1.5270498228057372,2.1707098628719406,0.7041786744382191,0.2972198617922156,0.7991965219042267,0.5889294965095031,0.9870096103180304,0.44053758088490386,40,20
Hyperfunktionelle Dysphonie::2540::vowels::a_n,ok,,0.5415744153424479,0.11921969326910242,0.3950632020371147,0.7555713973125912,-1.36328240126305,1.7623983005879604,0.5814244723664636,0.21698842882981326,0.5953026650239202,0.4772309977617225,0.9926255729756055,0.3198789692393975,40,20
Hyperfunktionelle Dysphonie::2545::vowels::a_n,ok,,0.7721785734874335,0.14281327557052864,0.5968515196703656,1.020188255192473,-1.4355488933525122,2.4839045052249515,0.8150490285360954,0.2505892800162594,0.6779548651930867,0.6923175087227762,0.9911199470605844,0.3335747189138033,40,20
Hyperfunktionelle Dysphonie::2546::vowels::a_n,ok,,0.6781453692414436,0.16829848620470209,0.4485275380853952,0.9368677990444388,-1.5195025557815023,2.1609071379474645,0.6955984764811792,0.2799699843730454,0.7405554247114168,0.7372312427543479,0.9838506583280279,1.0439374164089454,40,20
Hyperfunktionelle Dysphonie::2553::vowels::a_n,ok,,0.7803973657332932,0.21847929614633535,0.5029616258496875,1.138591766606856,-1.6703575601557403,2.5470519757431274,0.8278121323347973,0.36815004421738334,0.9556129139839573,0.6675504547234619,0.9834004028556267,0.39032783439200563,40,20
Hyperfunktionelle Dysphonie::2572::vowels::a_n,ok,,0.6253833474537076,0.12854198760789018,0.430717739202837,0.8207824476628733,-1.3983105907780016,1.965801634512666,0.6259621670119812,0.2287304145420683,0.6400513485008852,0.6717084646550803,0.9886917407228746,1.296960870221796,40,20
Hyperfunktionelle Dysphonie::2577::vowels::a_n,ok,,0.6372549104762408,0.1271253404048192,0.49426541870238383,0.8587137933861767,-1.3844620654462865,2.066722241213713,0.683735407331989,0.21440032244250193,0.5579336896060632,0.5578987552802843,0.9922119896174519,0.2143773555356595,40,20
Hyperfunktionelle Dysphonie::2589::vowels::a_n,ok,,0.5968007215565072,0.13296681116067818,0.4261689505657612,0.8149170540378081,-1.4086040767838757,1.9163844729630215,0.625062431982366,0.22586055606809632,0.6084114242428948,0.5276960827471099,0.9890681936844632,0.37847954303580633,40,20
Hyperfunktionelle Dysphonie::2590::vowels::a_n,ok,,0.6762388592821129,0.15542188658507936,0.4719954103911693,0.9288573209802814,-1.4777746239671032,2.1756514730535526,0.7048252070804863,0.2651546861658545,0.7043957821267623,0.5983767443498514,0.9894424731410987,0.4530947242547612,40,20
Hyperfunktionelle Dysphonie::2591::vowels::a_n,ok,,0.4865106300255887,0.09705156997407918,0.3655446118785063,0.6545561756915642,-1.2968132581506389,1.5670984400860155,0.5144315481384799,0.17124483825060227,0.4685550187280958,0.4339023677456777,0.9934557476970198,0.3382448909942726,40,20
Hyperfunktionelle Dysphonie::2603::vowels::a_n,ok,,0.5805712947925361,0.2049169723871279,0.3344046613428319,0.9217696494842769,-1.6239695686233229,1.9507541678574896,0.6366233913396172,0.3400130701907083,0.8747197809381619,0.4611413126183934,0.9876673695142272,0.31902311707216696,40,20
Hyperfunktionelle Dysphonie::2604::vowels::a_n,ok,,0.5375081668345324,0.12171955511864357,0.3918152464441445,0.7513737726085349,-1.37063873101146,1.7503759401001315,0.577869476426591,0.21350948288022994,0.5719847010636734,0.4686464865961101,0.9921113787693467,0.28332979793114843,40,20
Hypotone Dysphonie::129::vowels::a_n,ok,,0.7390382941467657,0.21540255466483646,0.48402652583597616,1.0995696859679802,-1.6553157615826948,2.441671296908258,0.8012555286838022,0.35663009137028345,0.9182296633618527,0.6109908294639506,0.9861936555520608,0.2925452305114287,40,20
Hypotone Dysphonie::1744::vowels::a_n,ok,,0.51630610083449,0.15713132612873268,0.33634736233606494,0.7833827909815998,-1.4764278959761639,1.7180068808880682,0.5678601465920632,0.26009473418174267,0.6730164995331034,0.4182492106435113,0.9900752800943771,0.23953304049988436,40,20
Hypotone Dysphonie::2013::vowels::a_n,ok,,0.5432961229777421,0.2121952774815332,0.2988628313947378,0.8965353093382472,-1.6421703302315964,1.8570817925534389,0.6074985937983173,0.34469677769471857,0.8668202119162078,0.4117705599070183,0.9889326403456402,0.2742860298044166,40,20
Hypotone Dysphonie::2020::vowels::a_n,ok,,0.702692214249548,0.17732394864678747,0.46038396095115336,0.9860662917167362,-1.5475339868129476,2.2544303818847857,0.7269882407108833,0.3054443746186691,0.8237615435884207,0.6232675977356917,0.9846977080119379,0.49932289478012654,40,20
Hypotone Dysphonie::2133::vowels::a_n,ok,,0.7796745208700236,0.1694839353993279,0.5531974720619939,1.0532365705349405,-1.5224189502492567,2.4919950760613094,0.8075531257555479,0.2903790298252601,0.7800315657206038,0.6990679361752713,0.9860765378685998,0.45968707868541414,40,20
Laryngitis::107::vowels::a_n,ok,,0.5455797582488928,0.19410257743319442,0.29435362175936763,0.8469213529748392,-1.5964768092994173,1.7942447282860567,0.5751834563625555,0.3143942150633674,0.8133205904467453,0.4444533109851798,0.9833138520830497,0.4278848521540399,40,20
Laryngitis::139::vowels::a_n,ok,,0.9681168437658721,0.26784446307839527,0.6406486727815117,1.352591499952251,-1.8158821163898051,3.1129176915995096,1.0025939902271777,0.3914153626856867,0.9355151640279677,0.8101658169023069,0.9785031462316839,0.35685379636954606,40,20
Laryngitis::141::vowels::a_n,ok,,0.9842200048060388,0.22391293027895554,0.6948907465815631,1.3350607702682318,-1.6881454763082153,3.153331961862074,1.0205619234747894,0.3653469195704724,0.9349187510462791,0.8705803379251196,0.9820159809853825,0.4292466750266491,40,20
Laryngitis::493::vowels::a_n,ok,,0.7050310829162022,0.23921204161224033,0.40728634219480564,1.0650876580019648,-1.7315686898992637,2.3076542715821913,0.7420583832523692,0.3680145266954637,0.9194588392326124,0.5686074784779678,0.9798845699375464,0.3755875176553973,40,20
Laryngitis::497::vowels::a_n,ok,,0.5871786868563111,0.15487077929325438,0.3800004184858041,0.8337717378538277,-1.4775952096169587,1.8905542709202228,0.610519378798678,0.2621644104511654,0.6941839287339837,0.51515351122163,0.9865980245762722,0.462944559972365,40,20
Laryngitis::498::vowels::a_n,ok,,0.7136011882453721,0.17470036142281195,0.4980872732224394,0.99826167392824,-1.5354323265421153,2.3046607490620037,0.7546910795899988,0.2882845273099206,0.7539391118186067,0.6178522166302234,0.9843622815233792,0.3124125564643787,40,20
Laryngitis::563::vowels::a_n,ok,,0.6506203857586199,0.23835098445245645,0.34165259887633276,1.0227025551014723,-1.733512155876814,2.14039614504686,0.6876984367614769,0.38860753136626486,0.9983813705161815,0.7278006551485249,0.977002500116761,0.9420050808626754,40,20
Laryngitis::568::vowels::a_n,ok,,0.5806551614782973,0.1455579131453881,0.41060637551700235,0.8335930845646445,-1.4415101399359913,1.9075097473217173,0.6295572648783017,0.2491662256790596,0.6530090414945695,0.4943270795198472,0.9914287121879872,0.2715900057473552,40,20
Laryngitis::715::vowels::a_n,ok,,0.48275930073950624,0.18270827634296435,0.2532381944882934,0.7856848487048427,-1.5603909029652139,1.6188487052678207,0.5260420172788274,0.30955422343255995,0.8185913160262466,0.3853660731332913,0.9850904067696611,0.3545863575381057,40,20
Laryngitis::818::vowels::a_n,ok,,0.6689445205610417,0.2104097025572595,0.41103506646346605,1.018013139348718,-1.6430392767156037,2.2141835519693567,0.7225722491815201,0.3516187009307224,0.9079646648449353,0.5517561167875938,0.9851494146810285,0.3369201779597626,40,20
Laryngitis::819::vowels::a_n,ok,,0.7854718016660563,0.16155970237526307,0.5608889199621916,1.036081173003714,-1.4989884344824849,2.4906267654817227,0.8008981498999825,0.274151648370192,0.7361117011580118,0.7132785485035666,0.9865750643063226,0.5594087472262503,40,20
Laryngitis::824::vowels::a_n,ok,,0.71952087628864,0.1767578876425215,0.4938412261835092,1.0118627323866247,-1.5424018691400827,2.3293044565469536,0.7589916493632949,0.3013995363789827,0.8027380042125944,0.6267452046571691,0.9873422025126746,0.3874277518062504,40,20
Laryngitis::828::vowels::a_n,ok,,0.6128303881280198,0.16778687090737593,0.4044968196164982,0.8942953949264277,-1.5134535353393743,2.005938775588633,0.6559441985881687,0.2856278729621534,0.7521253497543268,0.5215791501983769,0.9880432256167321,0.3470830633662981,40,20
Laryngitis::844::vowels::a_n,ok,,0.5651168428436678,0.09221492521049311,0.44975170403242565,0.7358911203118339,-1.2808337411673794,1.8140299342984825,0.5980186249770225,0.1755285640698628,0.49748884286154826,0.5168516641376477,0.9948670262910201,0.3275153874843078,40,20
Laryngitis::871::vowels::a_n,ok,,0.5076806888704865,0.1307448770640879,0.34185602289323824,0.7314076050581918,-1.4009070872085767,1.6542504144987553,0.5419481243610716,0.23002459562272268,0.625682491749326,0.4395718259799314,0.9904040439753947,0.3611027548399442,40,20
Laryngitis::884::vowels::a_n,ok,,0.9195807268891139,0.2341015031507888,0.609278878682052,1.2837455602674606,-1.7212487196570727,2.9507323964047143,0.9514264078944965,0.3855629638902375,0.9957447050719299,0.8080176622221532,0.9796801456934747,0.4641677524308527,40,20
Laryngitis::886::vowels::a_n,ok,,0.8858921468751453,0.18230093468332187,0.6473913504246517,1.1645822689334302,-1.5606170950915603,2.812397831131187,0.9098113505008147,0.2934707754368591,0.7652698204502109,0.7932519109354216,0.9827273169368074,0.4357186394145063,40,20
Laryngitis::902::vowels::a_n,ok,,0.5543995080502635,0.11662619790502918,0.4083619858408904,0.7660530699501863,-1.3562130838017603,1.797183220316704,0.5931963209378308,0.21712024619403641,0.6058757072852008,0.49379701603477455,0.9922480951987558,0.3304609545510225,40,20
Laryngitis::904::vowels::a_n,ok,,0.7083903553831006,0.20125024950095366,0.469112930386876,1.0322509024989495,-1.6127639662139763,2.321782722160357,0.758512496106461,0.3210655146492061,0.8182860581849623,0.5863301935063661,0.9862684061758221,0.3004396399314839,40,20
Laryngitis::910::vowels::a_n,ok,,0.4375983867879767,0.11417034460872034,0.29993209841465457,0.6394608915462473,-1.347678968889937,1.4392221260284135,0.4755950729378631,0.20250501004809776,0.552220965944195,0.3729333975169582,0.9926554631937583,0.29586718686316993,40,20
Laryngitis::918::vowels::a_n,ok,,0.3833808713714645,0.11099798570371561,0.2398504721388968,0.575257200558997,-1.3407264617810237,1.2593945902705388,0.41209684640768096,0.19968011612878672,0.5578437268479219,0.32677561223706486,0.9920827514219587,0.3829666711790639,40,20
Laryngitis::919::vowels::a_n,ok,,0.5847554539985764,0.15262437664075854,0.3873250910168578,0.8272472359869165,-1.468509764383148,1.8900495331587313,0.6114740942242599,0.2525846632406001,0.6737430862470801,0.5024567127265724,0.9887457251065247,0.430347101947287,40,20
Laryngitis::930::vowels::a_n,ok,,0.6271465917576834,0.24320529729511306,0.32473849072251376,1.016981494857195,-1.7454442334088671,2.0962613763372535,0.6787161198207937,0.3962259043011836,1.0206934180246532,0.4931870462659621,0.978860317192839,0.3431689569782544,40,20
Laryngitis::931::vowels::a_n,ok,,0.5053213477926908,0.12476512906294139,0.3323204922895009,0.7035223450707988,-1.3856332967557548,1.6152431168504207,0.5204441511246938,0.2159492175327512,0.5867146288324951,0.45176872888027897,0.989107941114883,0.5117381668032637,40,20
Laryngitis::935::vowels::a_n,ok,,0.7114014252706647,0.15054557509491517,0.5093254445467035,0.946113086218783,-1.4640000649411458,2.2618005401924335,0.7308052104662341,0.25076243701722756,0.6711739139634938,0.6386307596873716,0.9864899406889049,0.477118674582198,40,20
Laryngitis::1046::vowels::a_n,ok,,0.6693716411887276,0.21797802635379224,0.37210471253994704,1.003284584411684,-1.6726725478704991,2.1665282205311005,0.6911099985735231,0.3611696550894982,0.9509390342749104,0.5712833608797209,0.979054209557277,0.510474134147273,40,20
Laryngitis::1047::vowels::a_n,ok,,0.5441601854073628,0.11902116470722507,0.38257641371561657,0.7446253577157045,-1.3671141379309424,1.7446193424927137,0.5672099363482792,0.21461910797308895,0.595887406787869,0.4900915955325791,0.990770149269469,0.46074618861155336,40,20
Laryngitis::1119::vowels::a_n,ok,,0.4961435878470682,0.10955125671167851,0.35896831528795387,0.6840620895328388,-1.3354006241663965,1.603910175879079,0.5262012993039258,0.1918701340574679,0.5233979994025164,0.4366861589116632,0.9922450592634708,0.3448070436951928,40,20
Laryngitis::1161::vowels::a_n,ok,,0.6221913754204127,0.11384667213687805,0.4783492753786054,0.8269879877111602,-1.3481156622738335,2.0002518416463775,0.6582929614342964,0.21096226167910606,0.5942135084952378,0.5626699167430187,0.9924558100413567,0.3452317891492351,40,20
Laryngitis::1163::vowels::a_n,ok,,0.4015774236820954,0.15102667238828102,0.2259683841956234,0.6730825972512138,-1.4573470712992882,1.3798121752869263,0.4579954294041131,0.2678670276032981,0.7080576656335569,0.31423796538360593,0.9910207652353922,0.25968394005691353,40,20
Laryngitis::1188::vowels::a_n,ok,,0.5360378567207026,0.1706342762615837,0.33058970374862584,0.8199505916366796,-1.5199707826157585,1.779946653068312,0.5825314604600281,0.28334128103380085,0.7423194589290811,0.4354557471732913,0.9892662944310111,0.31274520580823684,40,20
Laryngitis::1192::vowels::a_n,ok,,0.6094740497169122,0.15828835576326034,0.42301247373530215,0.8945181300900488,-1.4795512908913566,2.01522677892345,0.6674022618413427,0.2830313308139075,0.7548504808689609,0.5190373799672339,0.9909208489617443,0.28111845077107916,40,20
Laryngitis::1221::vowels::a_n,ok,,0.622055309115335,0.12592104637124998,0.4647829541147375,0.8306190561552712,-1.3859959271013156,1.9943572355785437,0.65264280978568,0.21260464447531036,0.5688933516877022,0.5536133182127401,0.9901108036295404,0.33475376649883887,40,20
Laryngitis::1228::vowels::a_n,ok,,0.6223041545669701,0.2226964511328363,0.33205126038467825,0.9695726579739603,-1.6852895043017508,2.0441311811089102,0.6560151684110902,0.3638488563355237,0.9432344789254565,0.5113260623792504,0.979253919694073,0.4240359606996188,40,20
Laryngitis::1229::vowels::a_n,ok,,0.9321715033218345,0.2606381813647869,0.583377504233806,1.3144593709515935,-1.8019983267362072,2.975645437827149,0.9519807457569437,0.4110495997177065,1.0467765359003254,1.0367284229975977,0.9735797567736332,1.212710681141541,40,20
Laryngitis::1233::vowels::a_n,ok,,0.4343032135721897,0.11892829686034986,0.27550325885253313,0.6380334156174854,-1.36626405078431,1.414802960759445,0.4609394805692292,0.21589213920505734,0.600391796310995,0.37865720125133484,0.9909882223443873,0.427239192168235,40,20
Laryngitis::1235::vowels::a_n,ok,,0.6452196444318639,0.22465217335710905,0.352935945189838,0.9905491183281031,-1.6906805407540944,2.1131559744507586,0.6765030342082794,0.36187598350647915,0.9302897791787825,0.5304558338361927,0.9798661744551699,0.4408121435752455,40,20
Laryngitis::1237::vowels::a_n,ok,,0.73915094946193,0.2478509948788648,0.4092315876213323,1.118630114160642,-1.7636591045605527,2.4042586116792153,0.768487533807685,0.40374858925461093,1.0418557794623,0.6215364831155664,0.9767958553043223,0.4715559376965137,40,20
Laryngitis::1246::vowels::a_n,ok,,0.6728088505607924,0.222375717236908,0.3728206738941696,0.9997060410297026,-1.6849465554155034,2.1658839272353556,0.6887703818435134,0.35344578710531716,0.9006188435961997,0.7602262578920612,0.9783379053977719,1.1921186019189478,40,20
Laryngitis::1248::vowels::a_n,ok,,0.6272033571273612,0.16542311594257442,0.42633608701802683,0.911857908451498,-1.5046002009896284,2.057721240925276,0.6766020935320224,0.285752434068043,0.7596545417360243,0.5341683886050421,0.9889027355354127,0.3140916497908168,40,20
Laryngitis::1257::vowels::a_n,ok,,0.6659095772464465,0.16772699495320398,0.43356001080723605,0.9176966414476017,-1.517759655526233,2.1161526683578225,0.6775259582175603,0.27621912015233524,0.7269566144987403,0.7287931492944761,0.9837768176363445,1.1721469833854359,40,20
Laryngitis::1259::vowels::a_n,ok,,0.468388964545474,0.13595900482968454,0.3049036319538363,0.7097040412384775,-1.41335073476843,1.557313076273363,0.5142794870688732,0.24163892251797078,0.6487253989016417,0.3923070585114714,0.9919199344307492,0.3015041803776945,40,20
Laryngitis::1260::vowels::a_n,ok,,0.5258469999758826,0.16244290210783188,0.32503323035969806,0.7959181797965837,-1.4964484719750277,1.73823319254162,0.5668336789832471,0.2733937606114594,0.7152768583471021,0.43611382318291536,0.9895742042597244,0.34995832035694413,40,20
Laryngitis::1264::vowels::a_n,ok,,0.6281022755376173,0.1682940505820978,0.39921480129284115,0.9031590576224398,-1.5194030638559872,2.028685804922774,0.6555422793639208,0.29504008231625023,0.8025942627036753,0.5521192721422994,0.9866613756216657,0.478093853326232,40,20
Laryngitis::1265::vowels::a_n,ok,,0.3341845798079791,0.09967912939671163,0.2013618075670351,0.4942794956692744,-1.3072665197080888,1.0852359862663534,0.35042960649665056,0.16977806964733372,0.45726851965962534,0.2865653611715978,0.9914533242416714,0.44531434897152006,40,20
Laryngitis::1269::vowels::a_n,ok,,0.46723752502651716,0.10709864635336429,0.32427891340738085,0.6455923269836226,-1.3300215834538531,1.500833962955758,0.4883373128138023,0.18914218279558515,0.5253224454117857,0.4156703581526132,0.9914865948028369,0.4336739824791308,40,20
Laryngitis::1274::vowels::a_n,ok,,0.8766082130439962,0.2501778236295157,0.540425554539727,1.2402644231115891,-1.7696162745207815,2.794968484657161,0.892999969226999,0.3929320222247121,1.0019816270724826,0.9817540419241294,0.9750284520624128,1.2396713347775516,40,20
Laryngitis::1283::vowels::a_n,ok,,0.5847203631653228,0.21516022531213805,0.31453972536179586,0.9260934576873034,-1.6598173542565722,1.9406545168467437,0.6266864979510904,0.3490854066194972,0.8978101118420523,0.46753949602243305,0.9816374318426204,0.36821130044505423,40,20
Laryngitis::1295::vowels::a_n,ok,,0.5347029841282095,0.1582429121697575,0.3398579300627148,0.8042356270361803,-1.4838067195792009,1.7653153683076253,0.5787429541207786,0.2723716814910672,0.7146039811161295,0.4495835277127227,0.9888743063757517,0.3285236331190523,40,20
Laryngitis::1300::vowels::a_n,ok,,0.3910652230404891,0.09826727532263205,0.25439845137219547,0.538419266168165,-1.3033369367907133,1.2434960078044162,0.3974709580447257,0.16211809943934774,0.42895434617424844,0.3477215510523065,0.990765874345372,0.5656792605198356,40,20
Laryngitis::1301::vowels::a_n,ok,,0.723340770961131,0.2878986645373918,0.33443416076458043,1.1558753458657793,-1.887792181496834,2.375344298946097,0.7491411985309322,0.46602435169826084,1.1874444706195884,0.5948993912161388,0.9717488112593711,0.5096637767120501,40,20
Laryngitis::1307::vowels::a_n,ok,,0.6644865797232271,0.12494998968575885,0.5182383923897915,0.8852677908685536,-1.379211784793628,2.1466750666428864,0.7086395538709981,0.218157136825174,0.58441915884897,0.5908779173391787,0.9924272328348547,0.26084168079798903,40,20
Laryngitis::1311::vowels::a_n,ok,,0.5283334351821318,0.2384898647414851,0.2466136426112754,0.9057397448043898,-1.7260402479457633,1.810368535101575,0.5848899329425844,0.37296059850830426,0.924803518670962,0.3836383469268657,0.9826013611798323,0.2920385317531132,40,20
Laryngitis::1315::vowels::a_n,ok,,0.6087676994909336,0.15354079982873153,0.4130718209739048,0.8712953578347653,-1.4706919454561467,1.981763448074927,0.6482320107443299,0.27054876463097954,0.7357016198695141,0.5285960371607873,0.9893154076786281,0.37672511205140474,40,20
Laryngitis::1388::vowels::a_n,ok,,0.5949991872504382,0.22570068255870762,0.3142183447278581,0.9476758798717104,-1.6912823591522366,1.9785952437141958,0.6375632080584672,0.359072987396858,0.9097016513541569,0.47020515056930834,0.9812666440107444,0.36106194695119315,40,20
Laryngitis::1404::vowels::a_n,ok,,0.5531965010476453,0.18794768131067288,0.2925543714523072,0.8410342979252382,-1.580628171666488,1.792564019892183,0.5693608953223264,0.31502169060497576,0.8360284970364891,0.6180568000145603,0.9824278063163917,1.1006118604785153,40,20
Laryngitis::1405::vowels::a_n,ok,,0.5289307102887951,0.17838396757639416,0.3168114809510234,0.8292611352330116,-1.542579372211386,1.7735006482939917,0.5810013002005254,0.29787150238016835,0.7634843796784354,0.42585810486348874,0.989320832281821,0.30053079951234696,40,20
Laryngitis::1414::vowels::a_n,ok,,0.4522834342203247,0.154243395097779,0.2781832099498127,0.7088458363594101,-1.4671430041557136,1.5183079386617573,0.5010856947330262,0.24784576437174646,0.6272302772122562,0.35365648887192025,0.9897913201695175,0.2220011435692299,40,20
Laryngitis::1418::vowels::a_n,ok,,0.6796569323965455,0.16655234307508499,0.4795876836350189,0.969967808676911,-1.5069601261585812,2.224629841926631,0.7328163612783063,0.29007038925284956,0.7703390364970586,0.5851812940694936,0.989510652404407,0.302171802150119,40,20
Laryngitis::1426::vowels::a_n,ok,,0.6237665180413584,0.16177810293293932,0.40288045171128584,0.87974063185499,-1.4993400056504975,2.002629703024044,0.6446187428743613,0.27600617471392247,0.7433387898489014,0.5494443256091641,0.9863850022140549,0.5033229871184371,40,20
Laryngitis::1436::vowels::a_n,ok,,0.5921790838047208,0.10038616366693602,0.46775647949306853,0.7665480906115532,-1.3069714940722452,1.894472005419627,0.621874075303259,0.17720732349819793,0.4839649855472219,0.5377453182291742,0.9931492653777811,0.32254641455040145,40,20
Laryngitis::1440::vowels::a_n,ok,,0.552242232399579,0.19720672403920544,0.3028891623229597,0.8579486294079227,-1.6044656025559192,1.8218865092164314,0.5856509616451999,0.3144676249410541,0.8052741498145664,0.443873713944412,0.9842086053346546,0.3950622680306459,40,20
Laryngitis::1447::vowels::a_n,ok,,0.6355950565256474,0.19860870094443883,0.3601523328892417,0.9332527692463196,-1.613168987174999,2.039802909394183,0.6487992931113714,0.3269232171104652,0.8566212486747751,0.710995533734413,0.9816801035392047,1.1731839331153922,40,20
Laryngitis::1456::vowels::a_n,ok,,0.6447764165189745,0.20511200167426216,0.36758035208156953,0.9610304758204338,-1.6328891268784909,2.087214383445867,0.6678364238569215,0.33968482607537326,0.885252900908815,0.7119530255553336,0.9804263685308736,1.038083222734148,40,20
Laryngitis::1463::vowels::a_n,ok,,0.8566487967153323,0.23603670724210743,0.5337409031073397,1.2091153016152765,-1.7280910921511612,2.73004678788776,0.8741582314975347,0.3838441700155998,0.9934725848798927,0.9490896323315132,0.9791056392513036,1.1454500911478773,40,20
Laryngitis::1472::vowels::a_n,ok,,0.5814681414098376,0.14375830171189424,0.36908264814954306,0.7979013429683064,-1.4450154231430294,1.83798904656057,0.5840654687174462,0.24900282985155853,0.6851410542053711,0.6360617065014638,0.987297213904955,1.2682904469633796,40,20
Laryngitis::1554::vowels::a_n,ok,,0.6169805771217194,0.16015180196604636,0.419490590686931,0.8809691649177323,-1.4895557592441777,2.009180341190392,0.6565376241888381,0.2669624398168694,0.7056468301137784,0.5263831894765099,0.9892603453611156,0.33954016372258083,40,20
Laryngitis::1567::vowels::a_n,ok,,0.5509759343545481,0.19596008788715377,0.2993406646875225,0.8595564183166776,-1.6021554669967197,1.8163356206025334,0.5845848137858252,0.3200482711285956,0.8295164510569646,0.44923520137041517,0.9827224500350018,0.4043438731045921,40,20
Laryngitis::1578::vowels::a_n,ok,,0.42669592115476823,0.1022088112173152,0.31387373155198844,0.6161809174648839,-1.3064354484295424,1.4130194831325484,0.4719309659100445,0.1837078767159985,0.4901455267740098,0.3637816065864333,0.995046762456629,0.20970233188500584,40,20
Laryngitis::1591::vowels::a_n,ok,,0.4214083519807785,0.19245444082848598,0.18071289327831128,0.7247471214769334,-1.5901052801866156,1.4295091590239222,0.458426322662669,0.3097426675688865,0.7967720143371133,0.31588669934070235,0.9823945439012475,0.3525351590369743,40,20
Laryngitis::1599::vowels::a_n,ok,,0.5059312603837376,0.1435182373003264,0.3303133525247161,0.7361037770286877,-1.4386611515196976,1.651308224144448,0.5383834390606242,0.23188151705003082,0.6011834639644409,0.423044093717139,0.989291648491015,0.3284406643736237,40,20
Laryngitis::1610::vowels::a_n,ok,,0.549037171093425,0.15831323465769562,0.3441479196287335,0.8076731166470015,-1.486565084617817,1.7906705583301252,0.5808247143786411,0.26890496929168767,0.7143716265380875,0.46830329412258853,0.9879686811160744,0.4104856205758686,40,20
Laryngitis::1613::vowels::a_n,ok,,0.7278031346003577,0.20741407300195758,0.4301488339767646,1.0407648965107843,-1.6415061323441265,2.3175547714885747,0.7370117698621368,0.3520107567934141,0.9419560583908533,0.807370056377092,0.9825254894294095,1.1924529795549443,40,20
Laryngitis::1614::vowels::a_n,ok,,0.5442963000228767,0.13455095164493358,0.3683284258771165,0.7628308096068357,-1.4141710077028873,1.7529603042709674,0.5695409179942547,0.22886853132425372,0.6136124570863264,0.47736913205834597,0.988622067001917,0.41425089772366397,40,20
Laryngitis::1617::vowels::a_n,ok,,0.479879552075109,0.15739970458849614,0.27057572503421407,0.7249898978165409,-1.4850179893922386,1.5610657006999409,0.5010995032915289,0.2602649174458473,0.6867737077309601,0.4041189645961294,0.9850134712173975,0.45419813396233677,40,20
Laryngitis::1629::vowels::a_n,ok,,0.6782157703472126,0.18922179638725925,0.39450882717283187,0.9590080163351594,-1.5858385701655633,2.147626141559415,0.6768402437976185,0.3275444886321487,0.88617544750212,0.750978492398517,0.9839045156719246,1.3334467710411508,40,20
Laryngitis::1665::vowels::a_n,ok,,0.6950349809878497,0.20383505272994892,0.43191475725280964,1.011555587372455,-1.6263317901569068,2.2509733164776717,0.726618625273252,0.32980648726376366,0.8584003523901922,0.588111360047907,0.9813793864494427,0.4133644956371791,40,20
Laryngitis::1780::vowels::a_n,ok,,0.6571298329436,0.17969389822657514,0.431486504652303,0.961027931246985,-1.5504212166357314,2.150694963116706,0.7033780765450725,0.31041894005028436,0.8261946758329852,0.5623084388965105,0.987361979458624,0.35715833438691236,40,20
Laryngitis::1783::vowels::a_n,ok,,0.5942263640460539,0.12696396817151082,0.4275605964098888,0.810441498298373,-1.390346394606697,1.9104297334331755,0.6235961068610001,0.22684162694369656,0.6311871826131958,0.5308204013533988,0.9907124507857314,0.41273722773990507,40,20
Laryngitis::1795::vowels::a_n,ok,,0.6863848942666766,0.20943117121299137,0.4023602475231427,1.0059017213750971,-1.646201476837296,2.2099643400845217,0.7073769291472061,0.34462393532274566,0.8978882726096886,0.7598182138120055,0.9804290317437558,1.0691099371171318,40,20
Laryngitis::1796::vowels::a_n,ok,,0.4641366673781813,0.1733700358467504,0.25438605455201857,0.756233854414604,-1.5291432301465933,1.5665289681044658,0.5129029158914783,0.2923939253013085,0.7703165115051931,0.36492183997685035,0.9880186327777624,0.3055961797896328,40,20
Laryngitis::1806::vowels::a_n,ok,,0.5583037823259999,0.16048844361924536,0.3541802632576264,0.8245166114231648,-1.491615059914526,1.831383713239904,0.5948546937754225,0.27388438855625113,0.7216179410555577,0.473808964569296,0.9896307342816648,0.40191251967225616,40,20
Laryngitis::1809::vowels::a_n,ok,,0.6391039855686131,0.2496433549262426,0.30894432628410556,1.0152053010388975,-1.7683557914326287,2.098747032511871,0.6662507653934288,0.3994175344655971,1.0244927708619822,0.5177255000543595,0.974922751739916,0.4624667741505902,40,20
Laryngitis::1930::vowels::a_n,ok,,0.5861631363024232,0.1311103462645635,0.41685615702517465,0.803198451145293,-1.4030312871060384,1.8841959014095948,0.6145655028714441,0.22546092199423268,0.6097958062184508,0.5191421433503431,0.9896923095513336,0.3873062018515958,40,20
Laryngitis::1940::vowels::a_n,ok,,0.4576586178643763,0.10636375720082396,0.3144690631526721,0.6341676921436611,-1.3279732837899958,1.4697832797370023,0.47748966404048077,0.18815185744426755,0.5216390427925215,0.40749350086504066,0.991473167255296,0.4498239603399041,40,20
Laryngitis::1953::vowels::a_n,ok,,0.510474165174992,0.1942818889059836,0.2986339799641838,0.8584657969228817,-1.5819463770205924,1.7719477242434176,0.5903473186607862,0.33365673466053414,0.8466758770877227,0.3885832475724408,0.9907446047078969,0.20921077263625482,40,20
Laryngitis::1965::vowels::a_n,ok,,0.6331069645252793,0.16275070090995358,0.4147064265066717,0.8892261249259947,-1.5016363985591457,2.0333068813190867,0.6553920573307956,0.27323809445478087,0.7314939348939355,0.554469705761555,0.9859168828495042,0.48243755968356766,40,20
Laryngitis::1973::vowels::a_n,ok,,0.5038837080313561,0.1384252311496669,0.3247208750062446,0.7355516838579522,-1.4254434428760883,1.6414658279819638,0.5350428865470445,0.24094512483761116,0.6559198989207018,0.43353061423786243,0.989397219132145,0.3927130744908772,40,20
Laryngitis::1978::vowels::a_n,ok,,0.6064146008002612,0.139836416472059,0.429510760900015,0.8304230576249022,-1.4291458311838894,1.9474235634351695,0.6344323306015349,0.23020948975990982,0.608603299921314,0.5309461117376525,0.9879458900377747,0.36426624617263625,40,20
Laryngitis::1987::vowels::a_n,ok,,0.60605594890803,0.1401385451652007,0.41306688147446136,0.8167762128600601,-1.4324281488639872,1.9186818187440169,0.6167220409592249,0.2303877963896403,0.6095340109724767,0.6606474093414679,0.9870340832418882,1.128895063568164,40,20
Laryngitis::2003::vowels::a_n,ok,,0.7517595357018474,0.15250768605812498,0.5492223205789509,1.008833444104394,-1.4691771962209255,2.408608604832164,0.7839690438255198,0.27152243112046537,0.7540188296669736,0.6763889122627242,0.9890564543632221,0.4441158486142208,40,20
Laryngitis::2012::vowels::a_n,ok,,0.7253573759872588,0.19923375217656686,0.4697344088441232,1.052924879188612,-1.6121330340038096,2.360500549569185,0.7677122309063558,0.3386820466017383,0.8916267324379943,0.6235529746772128,0.9841779818795775,0.39301369421229243,40,20
Laryngitis::2021::vowels::a_n,ok,,0.4494051408665361,0.13814025097126678,0.2750860167540238,0.6710158439806548,-1.4237406404610171,1.4710178154711426,0.4774169307244665,0.22718489879883683,0.5925462872084952,0.3748633526880871,0.988859596920096,0.37184933534675413,40,20
Laryngitis::2028::vowels::a_n,ok,,0.637665439529495,0.21570053204733766,0.35936915380171064,0.9901486620034886,-1.6623033832827496,2.1108140955547166,0.6813515186571077,0.3657196601339684,0.9608058803895174,0.527154126327261,0.984651604774621,0.4196608119219659,40,20
Laryngitis::2075::vowels::a_n,ok,,0.7304668220239228,0.234856001596502,0.45178815291144,1.1308750256364504,-1.714433968017378,2.4417179333161414,0.801837597315172,0.3969447442198723,1.0165344486513899,0.5957628820751255,0.9845674422754778,0.29599596208406515,40,20
Laryngitis::2079::vowels::a_n,ok,,0.6892002761844379,0.17173957916126079,0.45023792242517136,0.957943981853006,-1.5304778569134796,2.2040707415471426,0.7068514749438203,0.29385522462646374,0.7945879743219741,0.6120357295855086,0.985911096911021,0.5541366201717881,40,20
Laryngitis::2097::vowels::a_n,ok,,0.6460557088677638,0.17637134018169204,0.4178468919265978,0.9287857347798024,-1.5417759206935404,2.0959800213994533,0.6782181309570723,0.29424654022352914,0.7770535655067179,0.5539663258017845,0.9865601557505841,0.42783421891542056,40,20
Laryngitis::2101::vowels::a_n,ok,,0.46508190170606023,0.15378855032568214,0.259625656554453,0.7203080019888191,-1.4737725707964313,1.5313643312442975,0.49457990989438516,0.2706317358747104,0.7455529245196084,0.39081563437795575,0.9881496366077387,0.4483981050711236,40,20
Laryngitis::2110::vowels::a_n,ok,,0.6467384661949711,0.22447930711053443,0.38147886048796925,1.0158724559916856,-1.6833797977677492,2.1637261807137365,0.7080668300779778,0.36468181023674323,0.9306884812633665,0.5119964173128188,0.9844457063147525,0.28598663067490226,40,20
Laryngitis::2120::vowels::a_n,ok,,0.765987370777782,0.2583883316431827,0.4348060216094591,1.172413405063443,-1.7935368251109178,2.5187966813947327,0.8101876989060894,0.4209542822669971,1.0745208207517694,0.6318625310935531,0.9788119426276233,0.41814079039322666,40,20
Laryngitis::2126::vowels::a_n,ok,,0.7736734013295794,0.17661367085526836,0.5301501662244319,1.0544238721631911,-1.5453968493335117,2.469750819343564,0.7957470194430557,0.30452292545145804,0.8236939611289671,0.6941684438901627,0.9857758416927737,0.5254898451906015,40,20
Laryngitis::2128::vowels::a_n,ok,,0.7490025475452708,0.17283264048919963,0.5033372595053743,1.025428270532055,-1.534880523534129,2.3859221249412195,0.7673209990943685,0.3059006560858427,0.833528228490926,0.6799791140279997,0.9856964101463983,0.563598505167013,40,20
Laryngitis::2156::vowels::a_n,ok,,0.6310508312075827,0.17901395477257867,0.42183360194275304,0.9318449774590667,-1.544866746636252,2.078858194810131,0.6851868568510613,0.29580818965336964,0.761499353454167,0.5242346625308185,0.9867514208816923,0.2560340449505209,40,20
Laryngitis::2191::vowels::a_n,ok,,0.3843684174923401,0.13085419305737198,0.2365674762375117,0.6320427481799492,-1.3932635613340572,1.3187375539215218,0.44306769797359047,0.2435548078576366,0.6555439225105122,0.3081964976092626,0.9927722774327786,0.2274602659335459,40,20
Laryngitis::2219::vowels::a_n,ok,,0.6844929111201956,0.21597889452576283,0.42967592513766845,1.038538924225625,-1.6571006438715408,2.270229434027636,0.7431428860396071,0.3494950626968768,0.8893987765414657,0.5543316144631505,0.9856593322179368,0.28821365920298075,40,20
Laryngitis::2242::vowels::a_n,ok,,0.5714712257050404,0.11367730647708238,0.4324198175246318,0.7690447360990028,-1.3476445566802004,1.840381591860543,0.6062731085700201,0.19948499854100485,0.5387975480669862,0.5096436476936244,0.9914960989790301,0.2933898327216696,40,20
Laryngitis::2276::vowels::a_n,ok,,0.7079377113742531,0.13377444517308107,0.5253758704459298,0.9233381699985357,-1.412890239830388,2.246852366867534,0.7274817721129461,0.23192339239346138,0.6344886464289115,0.6462584575755929,0.9890263282444183,0.49157589776922767,40,20
Laryngitis::2296::vowels::a_n,ok,,0.5622483155520438,0.1638544936744947,0.35991208443404377,0.8375437708368713,-1.5016712897728288,1.8469210478700442,0.6054128749182681,0.2786813945852187,0.7376244325864043,0.4725943774317001,0.987346109174308,0.3238101781049444,40,20
Laryngitis::2301::vowels::a_n,ok,,0.5215435683861795,0.12448504485630268,0.36761423900485724,0.7344786350652952,-1.3808527984311367,1.6938664893678599,0.5566107832183388,0.21594683019046118,0.5844192747722294,0.4532794247381754,0.9910894226777798,0.3218050188945045,40,20
Laryngitis::2305::vowels::a_n,ok,,0.6512696044139763,0.1526817399716527,0.4586252907831362,0.9109640737330544,-1.4676898631718553,2.1109191685627255,0.690922653479341,0.2661193123760932,0.7208000899481206,0.569751059892351,0.9893640443890438,0.3634367201146934,40,20
Laryngitis::2315::vowels::a_n,ok,,0.5161094105483521,0.14162048020277643,0.3300208710477206,0.7575922987192442,-1.4352443983856054,1.6853156360104795,0.5487387206521133,0.2533586400801685,0.6999330094770984,0.4457240579214292,0.9898417547489904,0.42487451396013526,40,20
Laryngitis::2321::vowels::a_n,ok,,0.7936646027221721,0.19337886406168356,0.5120406981888941,1.0794577853920244,-1.598164610830513,2.5035321959675376,0.7964390234487329,0.32620280866251383,0.8606017552583713,0.8683244738266158,0.9834270650791285,1.2817940209297967,40,20
Laryngitis::2328::vowels::a_n,ok,,0.5944598201661715,0.21753022280278023,0.30739659921963863,0.9283022560760578,-1.6697982202600279,1.9490863035121517,0.6219101348946261,0.3531219726627657,0.9107431118382348,0.48825226792068055,0.9786563542682316,0.4569436396145381,40,20
Laryngitis::2351::vowels::a_n,ok,,0.7698034415264023,0.1839766836460089,0.5343564040640115,1.0565889500071428,-1.5655693813957445,2.4640433965711765,0.8002974609066527,0.2974019367125428,0.7658199413092719,0.6768336955298575,0.9817582164187795,0.37937205164877186,40,20
Laryngitis::2370::vowels::a_n,ok,,0.6673959151814257,0.1190493567914918,0.5135575818641849,0.8682809497550197,-1.3653254576523604,2.131463042913682,0.6952936023974897,0.208703574340446,0.572025440685076,0.6056368935355687,0.9919687878911139,0.40225260714702293,40,20
Laryngitis::2404::vowels::a_n,ok,,0.6076124703244628,0.15743257548079226,0.41823241750179396,0.8689974551425681,-1.4794916697090132,1.986857046873451,0.6501630576553497,0.2607075621034854,0.6735357945164586,0.5156850815199714,0.9904100875509213,0.3191127560799422,40,20
Laryngitis::2424::vowels::a_n,ok,,0.5585038352282281,0.18311825303179985,0.3537866248148296,0.8774475069556937,-1.5520332884815908,1.887471976593627,0.6257859058870705,0.3078642373773872,0.7868049839313116,0.4439380003270037,0.9901010695026291,0.22666043174816114,40,20
Laryngitis::2435::vowels::a_n,ok,,0.7638222846317324,0.2581968115350891,0.4365387332178086,1.1508031563871417,-1.7909596757709536,2.490895326953328,0.7993509967646449,0.40017598673748167,1.0120024875876696,0.6208783049285465,0.9770529797729816,0.39862280476181133,40,20
Laryngitis::2443::vowels::a_n,ok,,0.6935180149943792,0.15955285062500146,0.5006192358275987,0.962984224894603,-1.4865137224110716,2.2515909237965017,0.7388973206735722,0.2696692724883563,0.712421995520792,0.6017792307398924,0.9897592887311807,0.3107931776045073,40,20
Laryngitis::2487::vowels::a_n,ok,,0.7146865916758801,0.2172276962983549,0.44229816650733544,1.0614508732762806,-1.6655104867686492,2.3400340201388636,0.7587732031547837,0.35410172333211604,0.9133751910096972,0.5952064867637724,0.9840185501222787,0.3730384306866946,40,20
Laryngitis::2510::vowels::a_n,ok,,0.7664979946504713,0.24589520927202585,0.4655756911231805,1.1492427692168745,-1.7516005444878378,2.5127423971481635,0.8151159840200652,0.38608860997959515,0.9771173091531846,0.624043546015264,0.9800469319981302,0.33226724489880805,40,20
Laryngitis::2511::vowels::a_n,ok,,0.6225050539567848,0.20345781906083393,0.37614076224152176,0.9624199980994838,-1.6211357714540047,2.0702102322714717,0.6777170558842969,0.34024950412121524,0.8852941337772755,0.5066607483242559,0.9855557686814147,0.3127237210524488,40,20
Laryngitis::2514::vowels::a_n,ok,,0.6593104575379932,0.2155188030399639,0.399577923733421,1.0187732905817801,-1.6568525803731031,2.1968462447910975,0.7182159564733954,0.3588734988687761,0.9255417639833388,0.535639212913536,0.9864572448231335,0.3166969414276117,40,20
Laryngitis::2516::vowels::a_n,ok,,0.5667658739932963,0.13878161328050134,0.39228922333675287,0.8045176309444246,-1.4252758918216506,1.842592317865816,0.6041523687015771,0.24308216780620198,0.6488133438463572,0.49475035617595564,0.9899634295397214,0.3476139140900036,40,20
Laryngitis::2521::vowels::a_n,ok,,0.6989942416697427,0.1733542394466824,0.4559924652140052,0.9707105170709965,-1.535928741390221,2.231233522816796,0.7160995844772895,0.29862030657110494,0.8104637475281651,0.6246472386229359,0.9848662217922923,0.5519583216124598,40,20
Laryngitis::2525::vowels::a_n,ok,,0.653517989228251,0.2420582835798943,0.36829837762016465,1.0620053106431662,-1.7356015280937551,2.2163701936764206,0.7259834046465607,0.4032915993699431,1.028506095705418,0.5112028246947624,0.9848944185706947,0.29061337407335935,40,20
Laryngitis::2541::vowels::a_n,ok,,0.8120865129093244,0.20424193586246958,0.5747869870425917,1.1679880056944496,-1.6169904929134655,2.6769282900118596,0.8816005152545403,0.3498976237914154,0.9115247490775209,0.6881850855032996,0.9900376263193665,0.29253831764779953,40,20
Laryngitis::2542::vowels::a_n,ok,,0.5914598348705264,0.19491965210172846,0.3432697085987788,0.9023306641212612,-1.5984152921749328,1.9450334547820025,0.6285021550445311,0.32039127985921556,0.8258971923490037,0.4895514711215827,0.9844835985721094,0.3935114966260321,40,20
Laryngitis::2555::vowels::a_n,ok,,0.6446509908755317,0.24418323836962263,0.3323971448133646,1.0220917172541977,-1.7495969682845431,2.134758639394373,0.6831011869737156,0.39097571520598484,0.9936905436008097,0.5156260764630629,0.9793493745341638,0.41437113897063427,40,20
Laryngitis::2556::vowels::a_n,ok,,0.6209065017886457,0.19313407195834756,0.3899872232753763,0.9402310139973196,-1.5888034664822264,2.055151081269137,0.6730405672301331,0.3174438092344108,0.8180903732494689,0.5072553470324473,0.986222499872752,0.29994913542653906,40,20
Laryngitis::2567::vowels::a_n,ok,,0.3879550492793305,0.10900729558913393,0.2619625224962304,0.5828153749501167,-1.3299784568464803,1.2905314692377114,0.4287209802641009,0.19168095458177525,0.5142620230574462,0.3229983003979484,0.9937311557652929,0.2496231975057557,40,20
Laryngitis::2574::vowels::a_n,ok,,0.43524873070473447,0.11953801721884529,0.30421227346032753,0.6498105514601902,-1.3597102261160652,1.4513306335203466,0.48454722821022117,0.20613454613777052,0.532660720982761,0.36037514906418944,0.9932555388405055,0.19072194555735808,40,20
Laryngitis::2578::vowels::a_n,ok,,0.44028057951867205,0.09999273217445495,0.30200745661175926,0.6008151316667106,-1.3089617939253164,1.4043859545541737,0.45353055258695135,0.1744477690650631,0.4793026243744083,0.39604795800743575,0.9913112150802623,0.5083823420601027,40,20
Laryngitis::2582::vowels::a_n,ok,,0.7190076144783097,0.14173595734650984,0.5367183995594572,0.9587105853425185,-1.4349025772469957,2.3064851226293674,0.7529123521731111,0.2482433759827992,0.6730329431994795,0.645961568136345,0.9901047417766802,0.3950290115147663,40,20
Laryngitis::2585::vowels::a_n,ok,,0.6634950048110222,0.17104895503664977,0.45927660769277295,0.9473280546373387,-1.5211568589724638,2.1665420345788924,0.7106607048398378,0.28201153202981016,0.733976484884657,0.5619966503824446,0.9885275210894025,0.29602899621812584,40,20
Laryngitis::2588::vowels::a_n,ok,,0.6944378422913122,0.1878723451014644,0.4389098307306308,0.9840602502615069,-1.5797648715697437,2.224423319915412,0.7147050431808708,0.31250965709629636,0.8265661977507035,0.6096372314066246,0.981818791367026,0.4971515077472662,40,20
Laryngitis::2600::vowels::a_n,ok,,0.7360104751072755,0.21228865305796554,0.4595775501552598,1.0633167366696887,-1.6529781869092062,2.3748004298739236,0.7660545520344337,0.343244444500959,0.8898739865547327,0.6288034240980004,0.9790717277314733,0.4232158654009573,40,20
Laryngitis::2602::vowels::a_n,ok,,0.6813739790183966,0.14326797713825148,0.48714769523851714,0.9063051582620835,-1.4422394746785892,2.1646297032536306,0.6997020665862055,0.24157685120567227,0.6394662201305019,0.6170287301961042,0.9871108969648175,0.48022501261797884,40,20
Laryngitis::2605::vowels::a_n,ok,,0.5939824790434352,0.14547437074575348,0.39882655042946774,0.8411769098763231,-1.4482189653920432,1.9192445099731463,0.6248332671312207,0.26262186294286904,0.7276207153669416,0.5262725384305489,0.9890761046093188,0.4394334672517131,40,20
Laryngitis::2610::vowels::a_n,ok,,0.6204131912533636,0.14866502364397927,0.4366189778801029,0.8839868065107142,-1.4533636775273902,2.0274462675759817,0.6674597849666208,0.26769080217659197,0.7275223118450453,0.5408110937598419,0.9908648666793631,0.3340898063422371,40,20
Morbus Parkinson::1580::vowels::a_n,ok,,0.7431817515471927,0.15669819299935392,0.5558040152673274,1.0206009134818033,-1.476316920001328,2.4141381071119623,0.7963099983051446,0.27700697701909965,0.7469649373241749,0.6535768724436386,0.9905203405922997,0.29449509709049193,40,20
Phonationsknötchen::131::vowels::a_n,ok,,0.6106321928929674,0.19352030495593717,0.3573933780214863,0.9196802675647556,-1.5960345314163402,1.9935634376400944,0.643570312983816,0.3239707107074165,0.8437218422189976,0.5181718939039193,0.9826342407855108,0.42356691707324406,40,20
Phonationsknötchen::870::vowels::a_n,ok,,0.3960451579008345,0.13525615584342476,0.22849193088106315,0.6300713301910963,-1.4133627742833126,1.3281996047113658,0.43519605735390543,0.2374844078222472,0.6315127225029595,0.3243225500783704,0.9908296075994799,0.3371869733227025,40,20
Phonationsknötchen::900::vowels::a_n,ok,,0.44722762567039,0.09916200197711968,0.31852451626410533,0.6174445263353419,-1.304520264034303,1.4427343245235686,0.4718542607597671,0.17745682654048764,0.49422736194164774,0.3968396021446806,0.9928717549108783,0.393300790674972,40,20
Phonationsknötchen::1044::vowels::a_n,ok,,0.6031945067508595,0.11040727765405016,0.46298130214570726,0.7871611989636988,-1.3392952544927434,1.9242835204125581,0.62930406148911,0.18921856316688795,0.4978507137852892,0.5486165126002974,0.9911672276429853,0.34681599367574234,40,20
Phonationsknötchen::1285::vowels::a_n,ok,,0.5627945496020519,0.19888161081240505,0.30926595682122904,0.8801656559379486,-1.610997388432081,1.8585949714464773,0.6005830495114611,0.32744637112231345,0.8506028093014302,0.45956199329333125,0.9827344428445529,0.38197543074720575,40,20
Phonationsknötchen::1294::vowels::a_n,ok,,0.49488519631830785,0.1235033363840508,0.33546228768602854,0.6997532803096335,-1.379609655931709,1.6011033841413627,0.5218613087868105,0.21267543772146708,0.5712837709728005,0.4323403257894195,0.9904566077693926,0.39029216905916364,40,20
Phonationsknötchen::1395::vowels::a_n,ok,,0.4965092837864165,0.11324278139572282,0.3553871951010923,0.6901215617418583,-1.3465829035085122,1.6080273094633108,0.5276880020786837,0.19716967547856748,0.5357537862232395,0.4349611126547429,0.9920590593606218,0.336397732021402,40,20
Phonationsknötchen::1464::vowels::a_n,ok,,0.4220049493509211,0.1709740754583598,0.20737369932944175,0.6919239231072148,-1.5240187219864267,1.4144023797197784,0.45486654364550266,0.2761226741067149,0.7131432598089191,0.32819822550384825,0.9864186432219038,0.370078647965632,40,20
Phonationsknötchen::1607::vowels::a_n,ok,,0.4880264229912067,0.15220538861083238,0.30371402306172973,0.7412769575417961,-1.4641567640165436,1.6165920072894302,0.5289610000658753,0.2535346465164507,0.6657808907765794,0.399554509291131,0.9904403976981061,0.3171394135118373,40,20
Phonationsknötchen::1616::vowels::a_n,ok,,0.3557811561312915,0.12010977420425728,0.21678327376992804,0.5627104701082457,-1.364707416763648,1.1976419588303566,0.39581759223325874,0.20283417277202798,0.5209576514984269,0.28504171383186483,0.9917708346283184,0.24863714417506871,40,20
Phonationsknötchen::1643::vowels::a_n,ok,,0.5695865415926372,0.13940862642678958,0.39131174566012455,0.8052963243978288,-1.4276707935242983,1.847314108582494,0.6036403716413529,0.2433831853766612,0.6632247836810823,0.49650069705686817,0.9901693162587321,0.3798869232990955,40,20
Phonationsknötchen::1669::vowels::a_n,ok,,0.49863514352306515,0.1383777193162234,0.3139217425442056,0.7348736465240787,-1.4260415281788767,1.626912428677246,0.528933243963201,0.2500713164029366,0.6817021232693623,0.4352703820972543,0.98968388400216,0.4405768081857366,40,20
Phonationsknötchen::1745::vowels::a_n,ok,,0.6338548554724113,0.1540107883317714,0.4323081202302141,0.8776530285907509,-1.4739700543552812,2.0345636383512304,0.6590651750120491,0.2557625974349831,0.6742402483197956,0.556895468106111,0.9872233612621335,0.4251818579154927,40,20
Phonationsknötchen::1800::vowels::a_n,ok,,0.5346208315144063,0.15511958208117188,0.3310729457827405,0.7881674495597772,-1.4772299253832875,1.7424264508842762,0.5642042172538649,0.2658657353628626,0.7146806916500967,0.45694194853264913,0.9882561626294284,0.43247119550706575,40,20
Phonationsknötchen::1866::vowels::a_n,ok,,0.5913760429127465,0.18578487657095746,0.32639485683566777,0.8674517097493422,-1.5743437485306173,1.8960602540309954,0.5978041317999248,0.3096649726938961,0.8098891756671165,0.6575627374679156,0.9827663896572323,1.2912312898762983,40,20
Phonationsknötchen::1927::vowels::a_n,ok,,0.6518307797580223,0.17378495770302627,0.42723155780531025,0.9334301494345536,-1.5336740186785691,2.114740251618075,0.6856018596097164,0.2926143029511679,0.7770677535729011,0.5607174681999334,0.9876664652414235,0.41857133230693433,40,20
Phonationsknötchen::2112::vowels::a_n,ok,,0.5795560819974854,0.1551708500344758,0.3827095019516454,0.8467328207374557,-1.474885887979911,1.898701175949341,0.621035285303498,0.2746496427688268,0.7491192513283953,0.4968656208201332,0.9901403573335538,0.3782508839423451,40,20
Psychogene Dysphonie::151::vowels::a_n,ok,,0.511211985910621,0.16152228836886856,0.3245585492745206,0.7880717387947712,-1.48969733845944,1.7101693372466562,0.5645075805465035,0.27094040045345863,0.7007157882991768,0.41320715626091276,0.9904208527580349,0.2570589711767677,40,20
Psychogene Dysphonie::366::vowels::a_n,ok,,0.5546611645885448,0.15313702719802247,0.37140715623539794,0.808386406204075,-1.466069659896506,1.8218836982261233,0.5963788965937532,0.2523920896015218,0.6558223284612299,0.46342983732623977,0.9908173689615457,0.312883120623719,40,20
Psychogene Dysphonie::741::vowels::a_n,ok,,0.519429150537883,0.11234815797585557,0.3770566327913434,0.7037042321379917,-1.3448544784980843,1.6667781739911829,0.5444206950328191,0.189429942728522,0.5086337685993643,0.45935085827897904,0.9909163949348543,0.35743117719599965,40,20
Psychogene Dysphonie::823::vowels::a_n,ok,,0.47376141490173085,0.12058692065793623,0.32809662631163766,0.6848156876681852,-1.3671154941605739,1.5548182524474068,0.5123569162947297,0.21159107443867597,0.5703159648148959,0.40516941106708293,0.9925872280373356,0.3089575135437135,40,20
Psychogene Dysphonie::848::vowels::a_n,ok,,0.7258717762346478,0.15082681904214915,0.5223186753123025,0.974084910971572,-1.4651587675908764,2.3185920490388767,0.7523161901448683,0.26483529560719454,0.7208531704474916,0.6564350364323239,0.9882102588117816,0.4680956426158528,40,20
Psychogene Dysphonie::877::vowels::a_n,ok,,0.6950945555688312,0.152978571153389,0.5057679740514733,0.9537514915969187,-1.4679894629283283,2.245920476889935,0.7361441456606468,0.2621538404606016,0.6999910611954858,0.6108819786194343,0.9891825475006282,0.33401893444192987,40,20
Psychogene Dysphonie::885::vowels::a_n,ok,,0.7342286164190335,0.17704408681738712,0.49745038686139725,1.0139268492324995,-1.545696130112891,2.352591778628255,0.7596406153625649,0.29749158487474625,0.7885649390730398,0.6495426581630429,0.9851230716806942,0.47274812636172003,40,20
Psychogene Dysphonie::911::vowels::a_n,ok,,0.4733498905496655,0.17013482080003695,0.26597511243330807,0.7489262980609184,-1.5199026524960106,1.5795864842218807,0.5136916021728442,0.276842162582279,0.7118433641617905,0.37586893692589907,0.9873603441360819,0.32609133074876273,40,20
Psychogene Dysphonie::917::vowels::a_n,ok,,0.5359884113442432,0.1375981824646131,0.35216651483230565,0.7636875578120581,-1.4240765955395562,1.7316306388255618,0.56201094159229,0.2414362543882903,0.6600124347657186,0.47081918213829366,0.9890133430664988,0.44392122889673236,40,20
Psychogene Dysphonie::1042::vowels::a_n,ok,,0.7588921872925977,0.15868417240527424,0.5635320374608653,1.0284924748872772,-1.4850773367233772,2.448905526301304,0.8026721233198737,0.27241668652789497,0.7157702440382758,0.6729282986945767,0.9889247787898607,0.330939577933015,40,20
Psychogene Dysphonie::1051::vowels::a_n,ok,,0.6503645282767719,0.1545879958491459,0.4371735820062115,0.8876111559712321,-1.4773865517871747,2.069050672236582,0.6648315596239672,0.25850361784222853,0.6851501442195396,0.5825094353624908,0.9859968045761851,0.5260363749909898,40,20
Psychogene Dysphonie::1053::vowels::a_n,ok,,0.687141440380957,0.12962530628089913,0.5347447201461156,0.9005915055420823,-1.3951939179120436,2.2033511959288705,0.7234596488010343,0.2105151615084105,0.5378147597254941,0.6109487152099962,0.9899491154452515,0.25368260392131814,40,20
Psychogene Dysphonie::1058::vowels::a_n,ok,,0.7631370860398405,0.18862992312834567,0.5363608445117622,1.0805051299565573,-1.5743107058147061,2.491449837691505,0.816584482954396,0.31657365931738385,0.8248159081065518,0.653522213117127,0.9885429699152372,0.317153204464168,40,20
Psychogene Dysphonie::1198::vowels::a_n,ok,,0.4866801032741329,0.15419829250941125,0.31643382055963415,0.7569764538722521,-1.4639927903287786,1.6414816552731335,0.545745041924157,0.25958888511594935,0.6679703869652234,0.3880250124662342,0.9921262798561024,0.21110782610990242,40,20
Psychogene Dysphonie::1225::vowels::a_n,ok,,0.8067726860977149,0.21432980521749345,0.5274685924249063,1.1519713768008548,-1.659452211858784,2.610768635960367,0.8457914395975512,0.36057698537201743,0.9397327675107858,0.7022243982955476,0.9833214815975502,0.4241455148797222,40,20
Psychogene Dysphonie::1230::vowels::a_n,ok,,0.6305971747634163,0.1954515480267412,0.39155335565953997,0.952843307949378,-1.5973125414125922,2.081646666154843,0.6797887594452983,0.3242366024245044,0.8426858712301177,0.5199267331480263,0.9861368737835208,0.3285115229640788,40,20
Psychogene Dysphonie::1258::vowels::a_n,ok,,0.620103368239042,0.232589222520551,0.30704824071622444,0.9532868927658814,-1.7148686368616932,2.0059444132826534,0.6319833237830289,0.36135189080975955,0.916957501821114,0.7217236712346364,0.9764445972124806,1.3345108761499582,40,20
Psychogene Dysphonie::1266::vowels::a_n,ok,,0.44514089608283697,0.14803312824377216,0.2603461170370047,0.6814518105062299,-1.453857003353567,1.464371848477483,0.4758265204579801,0.24089481717476144,0.6255587444785546,0.3642662285545045,0.9874744504868316,0.34251544462578415,40,20
Psychogene Dysphonie::1306::vowels::a_n,ok,,0.742936964357243,0.11900277575487735,0.6021744857788187,0.9575488523639468,-1.3609623892842786,2.385983065762822,0.7866062829668607,0.21363221112977626,0.5783104223537379,0.6750950611407613,0.9931537575847448,0.27493754688464966,40,20
Psychogene Dysphonie::1319::vowels::a_n,ok,,0.5866015690270631,0.13004799473744755,0.4306340650688382,0.8035081236824767,-1.3969611914515752,1.8962015280185567,0.6227964633249915,0.2161594847867536,0.5647227640302868,0.5116053538117916,0.9903518880200302,0.28536910418517186,40,20
Psychogene Dysphonie::1322::vowels::a_n,ok,,0.568814414560065,0.12335450105379168,0.4301527894675703,0.7993919935095136,-1.370855168108061,1.8681480061474842,0.622999203223729,0.22560717299833982,0.6079273027276564,0.49481023417376435,0.9935815083748026,0.22340480070788882,40,20
Psychogene Dysphonie::1329::vowels::a_n,ok,,0.5788110285524163,0.10949736626328803,0.443252703387319,0.7722919205853856,-1.3340556309778946,1.8652031567743876,0.612994849226439,0.19666664258522196,0.5394734474721581,0.5192536894153646,0.9931687402085609,0.3370169862235671,40,20
Psychogene Dysphonie::1335::vowels::a_n,ok,,0.5692352092397024,0.16904108624726688,0.37799104039928544,0.8595590374403924,-1.511621090822897,1.8962203978785142,0.6278331466560582,0.2813038030362524,0.7137064198730023,0.465832237691163,0.9898208778247953,0.22369982656748724,40,20
Psychogene Dysphonie::1337::vowels::a_n,ok,,0.5000214955959443,0.11003152318898203,0.3705741491753498,0.6957391635266952,-1.3343685902867777,1.6287606971235244,0.5392529182601304,0.19405660967534494,0.5210116990686107,0.43650074006770256,0.9928323253857579,0.2594965966752508,40,20
Psychogene Dysphonie::1340::vowels::a_n,ok,,0.6973284917062353,0.13225394306448815,0.5456471843489472,0.9357946418976367,-1.3997953329402333,2.260966366190913,0.7486460005260713,0.2339678952587993,0.6269917103596487,0.6180737904744701,0.9925603659110749,0.24126261003195995,40,20
Psychogene Dysphonie::1384::vowels::a_n,ok,,0.6630616182164578,0.12024523570084467,0.5152402679942645,0.8784248647180727,-1.3663893054500609,2.135609572531096,0.702838743346672,0.21830807394199886,0.5955644931445558,0.5981705216122114,0.9925617171363095,0.3249928725883662,40,20
Psychogene Dysphonie::1400::vowels::a_n,ok,,0.6637375269852515,0.19767576673415868,0.4261147119827759,0.9973228242880731,-1.6015077050251907,2.200165300780568,0.7202286878984029,0.332809718697364,0.8575484433772007,0.5507444223182713,0.9884645495689395,0.3216572313008003,40,20
Psychogene Dysphonie::1408::vowels::a_n,ok,,0.5287725718258237,0.1664345146213783,0.3191811882685948,0.800616618803226,-1.5107680710383224,1.7369208064670347,0.5657057218757457,0.2782704369395031,0.7316082277207965,0.4406124299910321,0.9862420894043319,0.3535951396577139,40,20
Psychogene Dysphonie::1421::vowels::a_n,ok,,0.6473693141261448,0.18871711624889972,0.4039474150000785,0.9663798979168625,-1.5791753014726602,2.1254903949804183,0.6918196376428045,0.33078716785564416,0.8895149116065895,0.5511748314960261,0.986814934212254,0.4040413994183359,40,20
Psychogene Dysphonie::1425::vowels::a_n,ok,,0.6478391552496657,0.16157854847755246,0.4417474364544931,0.9130748916927471,-1.4960820935217787,2.0963382971875517,0.6828067483965905,0.273362513942361,0.7225171362012972,0.5636738375913828,0.987522213948371,0.3839602830457188,40,20
Psychogene Dysphonie::1432::vowels::a_n,ok,,0.6256407976689793,0.16238854033113695,0.4350824667838705,0.9097849296259966,-1.492939823076647,2.0606479515075526,0.6808194256644036,0.2806617597950663,0.7391307843030344,0.5303727091805026,0.9901464055085791,0.27274259564756725,40,20
Psychogene Dysphonie::1459::vowels::a_n,ok,,0.8677737651770704,0.15320224417533415,0.6717220303727282,1.1242917613889876,-1.4699611501880603,2.770542530955505,0.9034221671180742,0.264736535070679,0.7048298246053744,0.7884990016055078,0.9893972047474583,0.39382638133671194,40,20
Psychogene Dysphonie::1477::vowels::a_n,ok,,0.6100541017487741,0.21346365370921908,0.3262308052903123,0.9288212651555873,-1.6573006728626793,1.98058603457404,0.6307118655580692,0.3403055947053505,0.8657773872114847,0.6881742111052076,0.978533921489257,1.116893499607661,40,20
Psychogene Dysphonie::1479::vowels::a_n,ok,,0.5443993323047276,0.19184266777409234,0.30802079207463995,0.8347362617084142,-1.5862456343259694,1.7883252204901423,0.5765450819164383,0.29490651599714374,0.742982707124487,0.4329906775247222,0.9832499790086298,0.34754918659313494,40,20
Psychogene Dysphonie::1566::vowels::a_n,ok,,0.5623827808290115,0.15639625642189894,0.37773612587445976,0.8385300684770091,-1.4741324920631107,1.8662840824092668,0.6161805940920384,0.2737623107397355,0.7231950770111042,0.47145266025630717,0.9914887116909145,0.2912599688139964,40,20
Psychogene Dysphonie::1568::vowels::a_n,ok,,0.4814936431811117,0.21141839207469104,0.2419164569577315,0.8318401566297347,-1.6399860130262354,1.667567849420707,0.547091046309613,0.3389003735325656,0.8522683874450605,0.3469680384014875,0.9873953579576805,0.2348288506545184,40,20
Psychogene Dysphonie::1593::vowels::a_n,ok,,0.3260648847831744,0.10764982754174464,0.1868124361840811,0.5067359371242037,-1.331119523402378,1.0764076758945376,0.3507611496103279,0.1879487037984813,0.5107932457076179,0.27284008413396943,0.991271109041949,0.3755204979316702,40,20
Psychogene Dysphonie::1661::vowels::a_n,ok,,0.6239056581530942,0.16785830925318393,0.40889377782951625,0.8910619338774308,-1.5157311117737307,2.01712327041845,0.654788982368978,0.2765543803346464,0.7269665219125874,0.535802123951302,0.9852969757344723,0.39007123355135614,40,20
Psychogene Dysphonie::1663::vowels::a_n,ok,,0.40516518842431226,0.11887686624693042,0.2600517709664236,0.606025264120795,-1.3632039060783572,1.3355934695518006,0.4382355883626133,0.20208738978226728,0.5338112657254896,0.33916104608158015,0.9917222408601285,0.3136227390785553,40,20
Psychogene Dysphonie::1673::vowels::a_n,ok,,0.6800581510435052,0.1280085065880644,0.5230005264979174,0.9046100120211321,-1.3905109419531505,2.189689444535284,0.7200438406174601,0.22715360793662898,0.6242369143774162,0.6087120372029753,0.9918168266487098,0.3208606068252296,40,20
Psychogene Dysphonie::1675::vowels::a_n,ok,,0.4041416131060429,0.13121092943539275,0.23221014107966828,0.629190459567691,-1.4034471767252732,1.3374445145308604,0.4355074121157285,0.23577267238362196,0.6493910756101782,0.3401898199091625,0.9901089139184656,0.40586555125852325,40,20
Psychogene Dysphonie::1690::vowels::a_n,ok,,0.4670321668595553,0.092770566904423,0.3519699986882869,0.6285113098898519,-1.2839822028993786,1.5028603294993563,0.49472728289887635,0.16436092527506382,0.45221110774144524,0.41710106514433254,0.993188403647672,0.310471651051552,40,20
Psychogene Dysphonie::1744::vowels::a_n,ok,,0.51630610083449,0.15713132612873268,0.33634736233606494,0.7833827909815998,-1.4764278959761639,1.7180068808880682,0.5678601465920632,0.26009473418174267,0.6730164995331034,0.4182492106435113,0.9900752800943771,0.23953304049988436,40,20
Psychogene Dysphonie::1767::vowels::a_n,ok,,0.5073285244615665,0.1251225421505825,0.3546854706536994,0.7260246141754444,-1.3819124945076744,1.657822894193607,0.5463324373809983,0.2203326667447127,0.5912932335730607,0.43860237037814875,0.9914539686431076,0.3087578944623103,40,20
Psychogene Dysphonie::1787::vowels::a_n,ok,,0.7331202813293823,0.15705828809109768,0.5489130965732657,1.0138083530562296,-1.4756651643726104,2.3907950691910655,0.7898527884018309,0.27786349283757833,0.736719826392239,0.6423900978516569,0.9911357109548644,0.2780034468040088,40,20
Psychogene Dysphonie::1868::vowels::a_n,ok,,0.6902190853178191,0.151344318306979,0.4960782489788194,0.9354525704392341,-1.4648380644736483,2.215344028919236,0.7204445847162677,0.2537095529416558,0.6672540076783156,0.611792405489455,0.9883249676810713,0.399677311441349,40,20
Psychogene Dysphonie::1891::vowels::a_n,ok,,0.6264525910958848,0.13557413943853447,0.45727288239376057,0.8517617501211424,-1.4150055526352632,2.0186309530380604,0.6597495893309219,0.2293611148060454,0.6113327887735256,0.5516676051550267,0.9905280409963175,0.35272913838260306,40,20
Psychogene Dysphonie::1900::vowels::a_n,ok,,0.7145597455215598,0.11631908791378795,0.564409604369959,0.9076242977697265,-1.3573087044124805,2.2706958433922457,0.7400064040579603,0.2004897955802804,0.5442806884266158,0.6542789813281179,0.9912579710463452,0.3979620538657761,40,20
Psychogene Dysphonie::1904::vowels::a_n,ok,,0.8424072374828245,0.1300946837640228,0.6698030522128303,1.062843810444925,-1.4003960874331294,2.6721058742559984,0.8707828366029254,0.23277621082482705,0.6496350184779001,0.7787614599788473,0.9902856608391049,0.4281890344144901,40,20
Psychogene Dysphonie::1910::vowels::a_n,ok,,0.45436189212492256,0.09605413158067226,0.34339617253554716,0.6244859659933955,-1.291255067208681,1.4781962234232795,0.4893643131182094,0.1670788707727482,0.44141633259821944,0.39768024899607823,0.9939960074022778,0.24187849248901874,40,20
Psychogene Dysphonie::1928::vowels::a_n,ok,,0.7522938459904934,0.0905179535097444,0.6447976993420795,0.9175556281482926,-1.2755730925458104,2.3892886210700484,0.7867048230481609,0.16539165481723178,0.449763963933127,0.7034183230577419,0.993828347533326,0.2450643738407396,40,20
Psychogene Dysphonie::1931::vowels::a_n,ok,,0.734656785834248,0.19964203110938714,0.49962990026864346,1.0674949463379573,-1.6070740317043175,2.414450316239926,0.7923342839350079,0.3282925334743137,0.834245884097288,0.6163744185846924,0.9871780286504322,0.28506618107603265,40,20
Psychogene Dysphonie::1951::vowels::a_n,ok,,0.520193070211138,0.14976794887370395,0.327871103573388,0.763919696818794,-1.4600961024095176,1.6962292374300298,0.5505835867336117,0.2522455222248679,0.664922961320574,0.4428711497445391,0.988336769557963,0.3976287854334043,40,20
Psychogene Dysphonie::1958::vowels::a_n,ok,,0.4822679516881969,0.14472076288867652,0.3042416683996344,0.71951694224903,-1.4427493454015674,1.5841925373766348,0.5174107154984363,0.23959405432897182,0.62738905689057,0.40094842436786937,0.9891748916862692,0.3292266818544327,40,20
Psychogene Dysphonie::1959::vowels::a_n,ok,,0.5465373901796963,0.18872803423369808,0.3069526492746698,0.8359155051355777,-1.5785880992363437,1.791450701180464,0.576106754132198,0.29879787359797316,0.7697930762217009,0.44247591400067865,0.9836314793846338,0.39496434261613994,40,20
Psychogene Dysphonie::1964::vowels::a_n,ok,,0.43678367832037307,0.14449587689342258,0.26119669150000724,0.6772107959410247,-1.4410030947755934,1.4531896153244777,0.47525413550049295,0.24118581984159412,0.6361583239286328,0.3532197692885113,0.9903845225860664,0.3187579331739906,40,20
Psychogene Dysphonie::1988::vowels::a_n,ok,,0.4966950979845284,0.13110724982361996,0.34182818240961954,0.7372163841607687,-1.3977473587120754,1.644880822789725,0.5470461468898273,0.23983304131399244,0.6424188511194577,0.42381435606023443,0.991646975167392,0.26598466931266046,40,20
Psychogene Dysphonie::1989::vowels::a_n,ok,,0.5367691356767386,0.12312052980008571,0.36782293722939774,0.7393638408438233,-1.3802633125353636,1.7186405104259446,0.5567486487841504,0.2185323612127868,0.5993292456087951,0.48270516664900653,0.9899065954211145,0.4842737718033369,40,20
Psychogene Dysphonie::2025::vowels::a_n,ok,,0.5513534993200051,0.10886744919033765,0.40425924616640524,0.7356878340332835,-1.3355322957531621,1.7618303228311607,0.5734929196351531,0.1967937495140442,0.5506959091865951,0.5005591569420973,0.9919636168990585,0.45271740825782814,40,20
Psychogene Dysphonie::2074::vowels::a_n,ok,,0.5541692445609206,0.14256074879301833,0.3844132889638464,0.8004395164876459,-1.4341815853359645,1.816809439310782,0.5995438654424603,0.2449132006618341,0.651685385820604,0.4717312582725435,0.9905288403866752,0.27788069849814945,40,20
Psychogene Dysphonie::2085::vowels::a_n,ok,,0.7644311923308122,0.14083406684410826,0.5793173986050668,0.9998002490990837,-1.4331336560129109,2.4398508545171778,0.7940172939501808,0.2468270187168577,0.6618571198532868,0.6962807200854843,0.9897703024770292,0.43207177011106046,40,20
Psychogene Dysphonie::2104::vowels::a_n,ok,,0.7030791432019938,0.11939186684029915,0.5637447621163896,0.9301984878472761,-1.359809822329824,2.274903028847104,0.7547819262200886,0.22672071404481,0.6241638272672754,0.6359776207109603,0.9937672243874367,0.26109177754703566,40,20
Psychogene Dysphonie::2107::vowels::a_n,ok,,0.5667443018435313,0.17257131802348927,0.3593428074334201,0.862108706600526,-1.5259827757113782,1.881317558626698,0.6186655302498032,0.2947684089333069,0.7731446219418849,0.46874842634430935,0.9885987706802322,0.29959897568640587,40,20
Psychogene Dysphonie::2112::vowels::a_n,ok,,0.5795560819974854,0.1551708500344758,0.3827095019516454,0.8467328207374557,-1.474885887979911,1.898701175949341,0.621035285303498,0.2746496427688268,0.7491192513283953,0.4968656208201332,0.9901403573335538,0.3782508839423451,40,20
Psychogene Dysphonie::2123::vowels::a_n,ok,,0.4232449185626308,0.09585613001143327,0.3011822711929385,0.5871293359570139,-1.2940985889403298,1.3674230320092378,0.448127892769147,0.168944016703591,0.4627033101625142,0.37357778757085713,0.9929724523510557,0.35852205983288427,40,20
Psychogene Dysphonie::2134::vowels::a_n,ok,,0.5160859074780565,0.18259077886875577,0.2854697901237755,0.8036274116467046,-1.560534404933288,1.7005929743623782,0.5497812518459924,0.295393478978609,0.760394309809175,0.4194289420263898,0.9830147592384741,0.36541595082381906,40,20
Psychogene Dysphonie::2213::vowels::a_n,ok,,0.7206301157579862,0.21876690372326363,0.44981623590673514,1.0709853415519432,-1.6690278071403468,2.365328734891914,0.7675761923809894,0.35512656726940656,0.9101850384530978,0.5970356655742765,0.9845510684405225,0.3638502229634211,40,20
Psychogene Dysphonie::2246::vowels::a_n,ok,,0.6262569865500793,0.13885769520799843,0.4497237067234995,0.8633808910172378,-1.4257663730701098,2.0222079289856083,0.6621342146107347,0.24413529446852356,0.6675562323501705,0.5532862887150479,0.9899976202170424,0.3676002394778994,40,20
Psychogene Dysphonie::2275::vowels::a_n,ok,,0.7019426060925118,0.11655499017626982,0.5583887835684538,0.8680339670536117,-1.3546662896681747,2.211122876313721,0.7158284545689219,0.1704124258352884,0.42726442353792393,0.6324863170348712,0.9894879318620604,0.35174253250959403,40,20
Psychogene Dysphonie::2302::vowels::a_n,ok,,1.1624321503416666,0.0906238446748836,1.074366695815072,1.3475343845849181,-1.2599365081162817,3.699226574189774,1.2196739148686242,0.17658530255733879,0.4708327360693705,1.1057468700141155,0.9995189315543682,0.1437577309934489,40,20
Psychogene Dysphonie::2310::vowels::a_n,ok,,0.77013045872245,0.21947685865304553,0.47506306178061397,1.1002030703712726,-1.6762847819653974,2.468574087301922,0.7908401977413322,0.35454695052130536,0.9176090770448058,0.850692605091131,0.9779821992780897,1.1247239529549664,40,20
Psychogene Dysphonie::2312::vowels::a_n,ok,,0.5907706936789437,0.12041819950576252,0.43419297493949455,0.7776769720181107,-1.3702093204421426,1.8805922339506425,0.6087036664619544,0.19559518507914417,0.506398532406326,0.5290841628892184,0.9897351625129784,0.4373120954804251,40,20
Psychogene Dysphonie::2316::vowels::a_n,ok,,0.6212527339308672,0.1579085248572251,0.40836832101023596,0.8826138432312607,-1.4868006192974268,2.0062365664296298,0.6498822474736271,0.27856512470270056,0.7604217845997803,0.547379851478474,0.987906444067408,0.46772001489618187,40,20
Psychogene Dysphonie::2317::vowels::a_n,ok,,0.6859411703201908,0.12221068585237105,0.5371280176080665,0.8987717967223241,-1.3730321422211218,2.2015032773683814,0.7239284533031309,0.21431752477404742,0.5810868805826734,0.6178700058166475,0.9916519422460229,0.3020926063624178,40,20
Psychogene Dysphonie::2336::vowels::a_n,ok,,0.524640718621269,0.17630928414534955,0.3104766155497819,0.81161972073438,-1.5382593273228697,1.7431960540107783,0.5677669371489205,0.28766309745316976,0.7376662829389562,0.42322785550302056,0.988115070797382,0.3258832137308004,40,20
Psychogene Dysphonie::2337::vowels::a_n,ok,,0.45298463304849584,0.08208268797105266,0.3572218557469575,0.6099187141408287,-1.2480219991276862,1.4688565474970208,0.48925598052099595,0.15707459157221135,0.44045922676269367,0.4067589459065639,0.9951664449675266,0.24166363646758987,40,20
Psychogene Dysphonie::2339::vowels::a_n,ok,,0.7801921106415894,0.17945333442733147,0.5511018641214896,1.0760409349261315,-1.5509122804422821,2.514394861396775,0.8195806585236423,0.30512116043699794,0.8135348285631441,0.6859465244032517,0.985983658355276,0.38620770495254503,40,20
Psychogene Dysphonie::2372::vowels::a_n,ok,,0.5972715533351772,0.15923053642916163,0.4039327138267282,0.862299964860339,-1.4858999813203337,1.9542391269652002,0.6396336188491532,0.265619887020226,0.6899967570787151,0.5064245806186906,0.9895606946267912,0.32345301892231726,40,20
Psychogene Dysphonie::2431::vowels::a_n,ok,,0.7017348684212706,0.14524016924503116,0.551133654624496,0.9539136886494408,-1.4330426698695888,2.2937086287350277,0.762131702406754,0.23555448156210151,0.6058712461923541,0.5974717197350694,0.9943766058548631,0.14696729051753174,40,20
Psychogene Dysphonie::2433::vowels::a_n,ok,,0.6527848864894401,0.1583907736434627,0.4545999823978626,0.917951995401504,-1.4851974230709724,2.1176261677760184,0.692276143916318,0.27022075158431386,0.7121366220145404,0.5682911032251673,0.9885426233762484,0.3568597741906795,40,20
Psychogene Dysphonie::2441::vowels::a_n,ok,,0.725463224954332,0.14465056449219274,0.548857348520437,0.9734119075827684,-1.4422150281365638,2.3358687837587646,0.7678579201258697,0.24961361347558586,0.6606639922115587,0.6469944426067397,0.9898181520150087,0.3004606201016915,40,20
Psychogene Dysphonie::2452::vowels::a_n,ok,,0.6361543312395543,0.19935108134297846,0.38282429973621757,0.9423790375502344,-1.6115883081019764,2.0703352822803467,0.6674781109824182,0.3162511461464283,0.8059882670110925,0.5288672686607678,0.9823404633015957,0.39576764696302785,40,20
Psychogene Dysphonie::2489::vowels::a_n,ok,,0.894152462798173,0.2892329438459028,0.5160697213962712,1.3415322765474837,-1.8903653354165626,2.911166560703147,0.9347565968181346,0.46983721794277633,1.1952045272685519,0.7534172784490929,0.972582347490804,0.4412907218985028,40,20
Psychogene Dysphonie::2517::vowels::a_n,ok,,0.659928829917971,0.15433396335139193,0.4471744468208061,0.909379167321564,-1.476984788845486,2.1089977840491,0.681744588870276,0.27025441229166686,0.7326503542369522,0.5944755603637389,0.9864741135849888,0.49630261648845125,40,20
Psychogene Dysphonie::2520::vowels::a_n,ok,,0.7186976739509576,0.1913165353822921,0.484764323182168,1.0363668284702452,-1.5849086262752465,2.347081163923682,0.7680189480570869,0.31965362968201455,0.8275544713161604,0.6124691774868514,0.9857394876653087,0.32635345359573853,40,20
Psychogene Dysphonie::2526::vowels::a_n,ok,,0.6716215818963334,0.1711454640241429,0.444776452797567,0.9535053866868662,-1.5270498228057372,2.1707098628719406,0.7041786744382191,0.2972198617922156,0.7991965219042267,0.5889294965095031,0.9870096103180304,0.44053758088490386,40,20
Psychogene Dysphonie::2528::vowels::a_n,ok,,0.7012208561217582,0.20765021150546628,0.4279901016155809,1.031953339571996,-1.6390734022647588,2.281363130155531,0.7350913223491874,0.34775376968865407,0.9104783753748142,0.5982673624810686,0.9836395483239349,0.4532558731748957,40,20
Psychogene Dysphonie::2533::vowels::a_n,ok,,0.6139555337284885,0.11261818261154082,0.46777793609524654,0.7962817264378292,-1.3464430270588403,1.9524033775742449,0.6354484301366956,0.190151470874696,0.5092924215898078,0.5568656668721906,0.9904419421111146,0.40103115803250666,40,20
Psychogene Dysphonie::2534::vowels::a_n,ok,,0.5242710936206765,0.1298374363631462,0.361159831099289,0.7538469902885643,-1.3975448894539435,1.710424245812854,0.5635813807671937,0.23525879442821826,0.6449535590461459,0.45703958772353914,0.9906206664094623,0.33378313033212725,40,20
Psychogene Dysphonie::2535::vowels::a_n,ok,,0.6102605564972576,0.14013964130516074,0.41354365424390094,0.8294826578404919,-1.4334302977806268,1.937042320720524,0.6238371676386684,0.2415094512098928,0.6557531093392179,0.6581028351809957,0.987690634136655,1.0226984516460107,40,20
Psychogene Dysphonie::2577::vowels::a_n,ok,,0.6372549104762408,0.1271253404048192,0.49426541870238383,0.8587137933861767,-1.3844620654462865,2.066722241213713,0.683735407331989,0.21440032244250193,0.5579336896060632,0.5578987552802843,0.9922119896174519,0.2143773555356595,40,20
Reinke Ödem::495::vowels::a_n,ok,,0.6296619779702082,0.16774282589759024,0.3929147052845234,0.8825365715198563,-1.5185063949894049,2.001954413080733,0.6393878614545183,0.2810180693179875,0.7429141014938176,0.6923604014099163,0.9852758899214951,1.1576459378880304,40,20
Reinke Ödem::564::vowels::a_n,ok,,0.7231134164533062,0.14368561075905426,0.5514214211775813,0.9627627016656674,-1.4390308529012916,2.3225526909072447,0.763467188238603,0.23847340623344948,0.6173988279541094,0.6413082283541338,0.9881396514681309,0.265907305400896,40,20
Reinke Ödem::627::vowels::a_n,ok,,0.3992590564787425,0.12835595021550453,0.2410897750306674,0.6164670548763705,-1.3920365465744817,1.3281925527081784,0.4341231152169248,0.21958089071420753,0.5785270808676866,0.3288054638798208,0.9917135644978716,0.3407835022409774,40,20
Reinke Ödem::630::vowels::a_n,ok,,0.5772993509655813,0.20813765405014695,0.2942925704037227,0.8784706507390256,-1.640776210917652,1.8669275862924724,0.5881721822520596,0.3282174065305947,0.8352150323280831,0.481510995292984,0.9789598683475353,0.5443157370002424,40,20
Reinke Ödem::632::vowels::a_n,ok,,0.7190570227369016,0.23313338406462322,0.39360897850559406,1.0564459396386272,-1.7190279519297547,2.2967889880257983,0.7263418761836793,0.3749699734702187,0.9592695722551774,0.8168004666091465,0.9792653963799312,1.2862418135609777,40,20
Reinke Ödem::720::vowels::a_n,ok,,0.577762812319585,0.06787884451531472,0.4924572181085894,0.6968689474232107,-1.207777907980613,1.8274176271795104,0.5978957621814202,0.12222464785899036,0.343787842691615,0.5413420824371542,0.9951988275378558,0.33671780770359105,40,20
Reinke Ödem::821::vowels::a_n,ok,,0.4955481365495703,0.09811058351858852,0.3739953219216746,0.6753056254209903,-1.2991484470700565,1.6034488921546797,0.5301158482720556,0.18377141883394182,0.5203873670578814,0.4431976679902192,0.9937603398365671,0.3137846106860074,40,20
Reinke Ödem::886::vowels::a_n,ok,,0.8858921468751453,0.18230093468332187,0.6473913504246517,1.1645822689334302,-1.5606170950915603,2.812397831131187,0.9098113505008147,0.2934707754368591,0.7652698204502109,0.7932519109354216,0.9827273169368074,0.4357186394145063,40,20
Reinke Ödem::889::vowels::a_n,ok,,0.5504929745989473,0.18912734454765698,0.31843361643236423,0.871032585223193,-1.5785329168759692,1.8389772861435252,0.6026456833609009,0.3234048372835093,0.8537482383051191,0.4466525057459898,0.9854444031789621,0.3187999822622355,40,20
Reinke Ödem::901::vowels::a_n,ok,,0.675121712094867,0.08735307354223174,0.5545888150882969,0.825900952619172,-1.2690842434816012,2.132231909823339,0.6928470865582024,0.1631987023908118,0.469769468599619,0.6346433010964636,0.9940123779532799,0.5064088969303611,40,20
Reinke Ödem::1045::vowels::a_n,ok,,0.831838017734896,0.17907236896144757,0.5885683600983025,1.1099326872122772,-1.552559322800165,2.6434453812404555,0.8525141997992552,0.29945503142657076,0.7929289158742518,0.749884484297659,0.9839110567338709,0.5018022003490029,40,20
Reinke Ödem::1046::vowels::a_n,ok,,0.6693716411887276,0.21797802635379224,0.37210471253994704,1.003284584411684,-1.6726725478704991,2.1665282205311005,0.6911099985735231,0.3611696550894982,0.9509390342749104,0.5712833608797209,0.979054209557277,0.510474134147273,40,20
Reinke Ödem::1056::vowels::a_n,ok,,0.7947086010080902,0.18639342093502617,0.537571493077968,1.084396458921779,-1.5757407077703527,2.5311519130944315,0.8141194299209257,0.31515541857465146,0.8399595407362854,0.7130311364600526,0.9835850149147769,0.5276967622294283,40,20
Reinke Ödem::1090::vowels::a_n,ok,,0.5604406275945132,0.13571794414730068,0.3827218970989994,0.7749932054961198,-1.4177234322946777,1.797547168924421,0.5823794909157752,0.2252560284614319,0.5957343917468658,0.49256645539621235,0.9881881660190501,0.4242536108311956,40,20
Reinke Ödem::1206::vowels::a_n,ok,,0.5504129248699331,0.15790009269036012,0.35262677871923204,0.8197043030794507,-1.4832324523691933,1.8109599497993119,0.5925681720321072,0.2747446845298832,0.7365094349568562,0.4656991602428481,0.9891952883512154,0.3575555966875181,40,20
Reinke Ödem::1221::vowels::a_n,ok,,0.622055309115335,0.12592104637124998,0.4647829541147375,0.8306190561552712,-1.3859959271013156,1.9943572355785437,0.65264280978568,0.21260464447531036,0.5688933516877022,0.5536133182127401,0.9901108036295404,0.33475376649883887,40,20
Reinke Ödem::1229::vowels::a_n,ok,,0.9321715033218345,0.2606381813647869,0.583377504233806,1.3144593709515935,-1.8019983267362072,2.975645437827149,0.9519807457569437,0.4110495997177065,1.0467765359003254,1.0367284229975977,0.9735797567736332,1.212710681141541,40,20
Reinke Ödem::1253::vowels::a_n,ok,,0.7017773730703706,0.1971736934036792,0.42740243166874625,1.00478054851135,-1.6093471266883328,2.24664474107712,0.7187965604364717,0.3322184022230802,0.8816529596928584,0.7703629668247949,0.9820363211752152,1.0915516494558706,40,20
Reinke Ödem::1274::vowels::a_n,ok,,0.8766082130439962,0.2501778236295157,0.540425554539727,1.2402644231115891,-1.7696162745207815,2.794968484657161,0.892999969226999,0.3929320222247121,1.0019816270724826,0.9817540419241294,0.9750284520624128,1.2396713347775516,40,20
Reinke Ödem::1382::vowels::a_n,ok,,0.605504695956643,0.18147425815193285,0.3463047208976237,0.8552299295312571,-1.558236805213455,1.9080261973627122,0.6000189383604209,0.2859451129593176,0.7291632453434369,0.6939900266405175,0.9848112364816569,1.5773319604634657,40,20
Reinke Ödem::1436::vowels::a_n,ok,,0.5921790838047208,0.10038616366693602,0.46775647949306853,0.7665480906115532,-1.3069714940722452,1.894472005419627,0.621874075303259,0.17720732349819793,0.4839649855472219,0.5377453182291742,0.9931492653777811,0.32254641455040145,40,20
Reinke Ödem::1447::vowels::a_n,ok,,0.6355950565256474,0.19860870094443883,0.3601523328892417,0.9332527692463196,-1.613168987174999,2.039802909394183,0.6487992931113714,0.3269232171104652,0.8566212486747751,0.710995533734413,0.9816801035392047,1.1731839331153922,40,20
Reinke Ödem::1453::vowels::a_n,ok,,0.60613268265714,0.1185424583475543,0.43365057523259715,0.7920629402263338,-1.3671246143171107,1.9114717170150959,0.6143112220344873,0.21006575408247316,0.5860630844895458,0.6458540134873652,0.9895080597855582,1.0944032285197542,40,20
Reinke Ödem::1462::vowels::a_n,ok,,0.474006165908853,0.1125599304206907,0.31691236928915645,0.6509891683167115,-1.3479841408287054,1.50629922583728,0.4861119906156424,0.19437625704734887,0.535128505000205,0.5146684941441009,0.9900659821988459,0.9864519979478735,40,20
Reinke Ödem::1500::vowels::a_n,ok,,0.46881184683674676,0.13940305716372997,0.2812200208384643,0.6971314077557269,-1.42966600154864,1.5269761249965053,0.492967435742385,0.24340988081708478,0.6718929467609356,0.4015206564884276,0.9890723340200216,0.46738352279177425,40,20
Reinke Ödem::1563::vowels::a_n,ok,,0.5310641019928759,0.1370257818952242,0.34592172863078174,0.7480973210448635,-1.4228390474496935,1.7039665010540481,0.5501077765097374,0.23249228142047065,0.6237866328186463,0.46812344054014543,0.987733982772178,0.4697502398868165,40,20
Reinke Ödem::1572::vowels::a_n,ok,,0.6119959655676482,0.18053833828035298,0.3961333940697498,0.9178823429319886,-1.5493162526030706,2.0266507627501453,0.6650575437414314,0.30437079330903094,0.7985618214984265,0.5058761152600586,0.9888947418103481,0.3092762060191535,40,20
Reinke Ödem::1610::vowels::a_n,ok,,0.549037171093425,0.15831323465769562,0.3441479196287335,0.8076731166470015,-1.486565084617817,1.7906705583301252,0.5808247143786411,0.26890496929168767,0.7143716265380875,0.46830329412258853,0.9879686811160744,0.4104856205758686,40,20
Reinke Ödem::1656::vowels::a_n,ok,,0.5659240353707833,0.16990217536641347,0.350522633357237,0.8391739542175183,-1.5214082293188629,1.8490853394235924,0.600277950951801,0.2808400936980625,0.7343260066997188,0.47549863590399055,0.9866253323512951,0.37637488903454114,40,20
Reinke Ödem::1667::vowels::a_n,ok,,0.49791613247391897,0.1773777628871343,0.2572488231670148,0.7705289401677136,-1.547353164095761,1.6187521700222387,0.5169940725995971,0.29420978532168734,0.7773294032696421,0.5638690076988917,0.9841804949557431,1.0231036042569175,40,20
Reinke Ödem::1717::vowels::a_n,ok,,0.7472287710486769,0.13520925951720136,0.5504976041976044,0.9573805634639597,-1.4186930304126184,2.350059017975872,0.7555095639104789,0.23767564165260383,0.657965840545204,0.6954357499566037,0.987999283379424,0.6087271258978904,40,20
Reinke Ödem::1721::vowels::a_n,ok,,0.6901332114516248,0.13643573513952054,0.520098841345625,0.9218051570465193,-1.4176117588560335,2.2178001626749455,0.7266285234015124,0.23580063579163626,0.6364853735232572,0.6154920437762139,0.9902750993790512,0.34238482717967006,40,20
Reinke Ödem::1778::vowels::a_n,ok,,0.49239217890140957,0.1643589391582953,0.2788574594930537,0.7546958231316011,-1.505480580415857,1.6151154837763158,0.5214165851631811,0.27390244584402973,0.7298262847956094,0.40803192855928916,0.9860809293676114,0.41052726033484577,40,20
Reinke Ödem::1811::vowels::a_n,ok,,0.470682836663598,0.12260911296656982,0.3038364202053686,0.6688279412062924,-1.3783882894441883,1.5150166333676487,0.48930912835955953,0.21292288243723176,0.5840810903690219,0.4138428765949942,0.9897973059592702,0.48223855308204416,40,20
Reinke Ödem::1828::vowels::a_n,ok,,0.5194312084559229,0.15134542822835656,0.328870629681406,0.7779598893961895,-1.4634724206189689,1.7100688864853841,0.5595471289737184,0.2645821920638829,0.7144724990564217,0.43872257303024065,0.9894668753548077,0.36091269071028387,40,20
Reinke Ödem::1889::vowels::a_n,ok,,0.4741467232410493,0.1302935267265758,0.29748628452054815,0.6886256298562997,-1.402008604945396,1.5356521918887667,0.4965624188480865,0.2295193925023485,0.6256672906019585,0.4149846123668778,0.9897181911209783,0.4719627834648116,40,20
Reinke Ödem::1890::vowels::a_n,ok,,0.6901365237285361,0.14915234616345285,0.481140798389823,0.9215500474048697,-1.4611401009467608,2.1858444239367185,0.7036374644264335,0.2547483488740417,0.6883421137046168,0.7413179313622662,0.9861566335648965,1.0621419782868753,40,20
Reinke Ödem::1941::vowels::a_n,ok,,0.5331033064718057,0.15675380984417697,0.3313621638886019,0.7869174690438167,-1.4820107901678599,1.735092043331015,0.564141535082485,0.26346213475224833,0.7043278546776941,0.45280499576014255,0.9862886781247899,0.3801075810967529,40,20
Reinke Ödem::1946::vowels::a_n,ok,,0.5998294454706097,0.17167304410682943,0.370433587980075,0.8840040882152718,-1.528670720278594,1.9538625791253394,0.6321885129311805,0.30134199994578736,0.8284919673735001,0.5160453817375629,0.9871477205540631,0.45897421001074334,40,20
Reinke Ödem::1963::vowels::a_n,ok,,0.42591909210595846,0.15000288713346935,0.2448230302686482,0.6712454847956254,-1.4577259376336384,1.4215532325499511,0.4641033663181185,0.24525380651357578,0.6405142835816431,0.33770196933228225,0.9894640923603406,0.30819463667345615,40,20
Reinke Ödem::2031::vowels::a_n,ok,,0.7217135142194233,0.16134390718992697,0.5025036385858929,0.9800724643407068,-1.4978833036468298,2.304321939471823,0.744997948981704,0.2774361679685743,0.7527041870953592,0.646927216361306,0.9865446151789301,0.48605420461970555,40,20
Reinke Ödem::2089::vowels::a_n,ok,,0.7946684948435586,0.20676814400215227,0.5408965854842057,1.1306499031375743,-1.632703790098884,2.581091724401793,0.8433201161557052,0.3388811468998512,0.8782278313067255,0.67820732370923,0.9835119855427825,0.32567706626175263,40,20
Reinke Ödem::2098::vowels::a_n,ok,,0.5215050553507885,0.13992311805221386,0.34354729215314217,0.7591920808655984,-1.4292138159288466,1.7019109801720922,0.5569240074739735,0.2447376218937128,0.6670458484748876,0.4480851575699888,0.9897208116828475,0.3652770188682315,40,20
Reinke Ödem::2110::vowels::a_n,ok,,0.6467384661949711,0.22447930711053443,0.38147886048796925,1.0158724559916856,-1.6833797977677492,2.1637261807137365,0.7080668300779778,0.36468181023674323,0.9306884812633665,0.5119964173128188,0.9844457063147525,0.28598663067490226,40,20
Reinke Ödem::2112::vowels::a_n,ok,,0.5795560819974854,0.1551708500344758,0.3827095019516454,0.8467328207374557,-1.474885887979911,1.898701175949341,0.621035285303498,0.2746496427688268,0.7491192513283953,0.4968656208201332,0.9901403573335538,0.3782508839423451,40,20
Reinke Ödem::2118::vowels::a_n,ok,,0.5648138954959903,0.11277558924757185,0.41477706552039095,0.7516762051115964,-1.3475831634875612,1.8017526495570988,0.5868886866676858,0.19786549356704053,0.5474244460577613,0.5108843572463246,0.9907571654201862,0.4200355324474606,40,20
Reinke Ödem::2161::vowels::a_n,ok,,0.5370463051975289,0.18329248913766752,0.30305777581122895,0.8169765681774918,-1.562768753036923,1.751673047599591,0.5644100980328342,0.2904283474167952,0.7449355465215381,0.44124296138671804,0.9814372952174566,0.3814720527607043,40,20
Reinke Ödem::2188::vowels::a_n,ok,,0.7128241957684452,0.2198840082878428,0.38759884886418106,1.0272251948185618,-1.6793626939196802,2.25940008070203,0.7064739347644216,0.36594745943079265,0.9677460263291908,0.8063529610598263,0.9809876464560048,1.5074719211949188,40,20
Reinke Ödem::2193::vowels::a_n,ok,,0.6395712864094505,0.181595967212356,0.39112524905406915,0.9132806300369113,-1.5601923925014465,2.04424585409278,0.6547620283784807,0.2977122820949346,0.7847776861702953,0.7096946323832409,0.982746565986443,1.113632050533473,40,20
Reinke Ödem::2211::vowels::a_n,ok,,0.5363915791185685,0.1680999151653893,0.31004498631650557,0.7972619986743852,-1.5185124660369875,1.734485799916198,0.5569012960627885,0.27957072312930453,0.741908483203416,0.5946049368219695,0.9841188288174797,1.0051935850254308,40,20
Reinke Ödem::2271::vowels::a_n,ok,,0.5414987101689497,0.1360098947944443,0.36983751214059823,0.771649067732685,-1.416431385207774,1.7630304103435321,0.5760546173158273,0.235752616881463,0.6312196448452401,0.4692140397508924,0.9910803057356075,0.37243402458817493,40,20
Reinke Ödem::2305::vowels::a_n,ok,,0.6512696044139763,0.1526817399716527,0.4586252907831362,0.9109640737330544,-1.4676898631718553,2.1109191685627255,0.690922653479341,0.2661193123760932,0.7208000899481206,0.569751059892351,0.9893640443890438,0.3634367201146934,40,20
Reinke Ödem::2333::vowels::a_n,ok,,0.6561127009550967,0.13761350332539235,0.4758082664113449,0.8843617145052151,-1.4233941914206896,2.1028543617464135,0.6844608157645634,0.23901215252198965,0.6426971562303496,0.5888695883469853,0.9894898448486267,0.420966843914996,40,20
Reinke Ödem::2344::vowels::a_n,ok,,0.6029901669459308,0.2118172689880665,0.3411372291505431,0.9262235912745499,-1.6477291350383072,1.9829453224058082,0.6394698210870389,0.32861456081473134,0.8296374926623624,0.48124179128393263,0.9817928485857871,0.35306732625640785,40,20
Reinke Ödem::2345::vowels::a_n,ok,,0.5423137726834455,0.17078720724146382,0.3219366787234948,0.8195651802910816,-1.5253281384402013,1.7746956109021879,0.5760490097338614,0.2880816753867705,0.7663436040248959,0.45584007762821677,0.9849599512661443,0.38723683236004663,40,20
Reinke Ödem::2358::vowels::a_n,ok,,0.7914120944663965,0.17048471944837199,0.5564254488514169,1.0680481171996228,-1.525918870076777,2.529998807770139,0.8157997421703456,0.29940477954797806,0.8121026967727953,0.7131872417449487,0.9879103331589093,0.5391662075808824,40,20
Reinke Ödem::2375::vowels::a_n,ok,,0.6888867339609637,0.20976350403898594,0.4133390321172974,1.0031783882783933,-1.645023631427226,2.217614633234905,0.7119989203760173,0.3328638367532022,0.8585325041793923,0.7696504609073818,0.9781121379492431,1.0838967334076464,40,20
Reinke Ödem::2381::vowels::a_n,ok,,0.7092986726573305,0.11938140169704943,0.5426396115436223,0.9023074495123802,-1.3690130892508872,2.2400200501660867,0.7250718093239517,0.2110977116900813,0.5901811727061386,0.6570272905054867,0.9898980777183914,0.5185660595312412,40,20
Reinke Ödem::2411::vowels::a_n,ok,,0.48496305767551384,0.11460925551383695,0.3638760009377421,0.6843497180053598,-1.3446025000939232,1.5928835597338997,0.5315187471276064,0.18806213122500606,0.48110041422599137,0.40866266229848636,0.992637966742296,0.14118437489470834,40,20
Reinke Ödem::2426::vowels::a_n,ok,,0.7094536956450944,0.16790947782077056,0.5078203431950096,1.0047468651835578,-1.5108272487568315,2.3191269312628524,0.7645831623306758,0.295182788474693,0.7873095923783451,0.6142960383344733,0.989598654234657,0.301431272071801,40,20
Reinke Ödem::2449::vowels::a_n,ok,,0.6753230114649228,0.18711635513978578,0.42816818952611135,0.973545312794857,-1.57639423692179,2.183706766797364,0.7055787096816915,0.3144599852368548,0.8301632739199007,0.5846258705888885,0.9841144560094874,0.44211354843924644,40,20
Reinke Ödem::2491::vowels::a_n,ok,,0.8303532229411529,0.17168857335588336,0.6215330098884446,1.125250551955117,-1.5236509507477352,2.683621570520316,0.8811131994102451,0.2962498318744892,0.7879433023858198,0.7336264574239068,0.9887629316145263,0.3190494801050434,40,20
Reinke Ödem::2518::vowels::a_n,ok,,0.5549682113135639,0.12390507124308554,0.3703732777020879,0.7555679933632783,-1.383777601095293,1.7660129624494545,0.5643709522407494,0.22938472477371255,0.6459745772666734,0.5076292469253764,0.9912315538239655,0.6707329409778375,40,20
Reinke Ödem::2573::vowels::a_n,ok,,0.7367124798019374,0.18959445565331356,0.47993041444796003,1.0378712966133057,-1.5851145642983349,2.3657580101210227,0.7630247572831168,0.3227733785414346,0.8600444198844324,0.6500186999260413,0.9837064882605446,0.4835544654033996,40,20
Reinke Ödem::2588::vowels::a_n,ok,,0.6944378422913122,0.1878723451014644,0.4389098307306308,0.9840602502615069,-1.5797648715697437,2.224423319915412,0.7147050431808708,0.31250965709629636,0.8265661977507035,0.6096372314066246,0.981818791367026,0.4971515077472662,40,20
Reinke Ödem::2591::vowels::a_n,ok,,0.4865106300255887,0.09705156997407918,0.3655446118785063,0.6545561756915642,-1.2968132581506389,1.5670984400860155,0.5144315481384799,0.17124483825060227,0.4685550187280958,0.4339023677456777,0.9934557476970198,0.3382448909942726,40,20
Reinke Ödem::2594::vowels::a_n,ok,,0.8401072663057005,0.16603729350905294,0.6183260037543802,1.1224976343845054,-1.5111596253679758,2.6894189409177103,0.8758406941472776,0.2989738218998823,0.8106257592390058,0.7645688948849874,0.9882006701394289,0.4440117110867443,40,20
Reinke Ödem::2595::vowels::a_n,ok,,0.4536199964622238,0.09526476430896429,0.33677389684802517,0.6194083302658986,-1.2907227621208688,1.4676212602128305,0.48270332805156996,0.16749520853648295,0.4548151052668903,0.40099289951112715,0.9940564329391798,0.31737470018833214,40,20
Rekurrensparese::105::vowels::a_n,ok,,0.49216048546880503,0.1869919240540787,0.2504338709486742,0.7822639242676059,-1.574398957580783,1.6311585461016902,0.5206599524199439,0.30240194065031034,0.7740507678726356,0.39468161186911643,0.9849414017268805,0.43905493833871545,40,20
Rekurrensparese::108::vowels::a_n,ok,,0.6986367741879631,0.17375232175319086,0.4897194721415781,0.9916991041193218,-1.529430590213471,2.2807392555842845,0.7483501040777729,0.2923380299316554,0.7621231806287394,0.5986164382945466,0.9889594306375435,0.30851180618319163,40,20
Rekurrensparese::120::vowels::a_n,ok,,0.4841777369406213,0.13045680012110084,0.3233931593602194,0.7054645437776854,-1.399140991330627,1.5838599139487926,0.5200227622367143,0.22388156107282753,0.598724719990289,0.4123155774836311,0.9903068561964512,0.32097524427718804,40,20
Rekurrensparese::128::vowels::a_n,ok,,0.6313727145013388,0.10474796236815234,0.4923799764136152,0.8113248988778337,-1.3223914505269019,2.008162560007959,0.6558050289491755,0.19021284512701353,0.5376893277693293,0.5806405524917255,0.9921663035525052,0.41238740941893315,40,20
Rekurrensparese::130::vowels::a_n,ok,,0.6053085123531409,0.13326633160063858,0.4440857659352031,0.8415551006448612,-1.4058852859216073,1.9690228561945073,0.6495784890326981,0.23725628565288798,0.6391248107931302,0.5312430856910311,0.9915351461636851,0.30105864881467276,40,20
Rekurrensparese::138::vowels::a_n,ok,,0.5493103271780806,0.163612323476039,0.32854759177413295,0.806145954847219,-1.5047108914935374,1.7757513505054423,0.570724175442193,0.275084438207751,0.734505626346321,0.4730565717796277,0.9850175308532272,0.4785703663785767,40,20
Rekurrensparese::142::vowels::a_n,ok,,0.6060825799059579,0.12936298444008945,0.445443634238108,0.8211996555688903,-1.3959851015383928,1.9514538192316087,0.638397278955884,0.2184138063262581,0.5813306313050219,0.5344824417329757,0.9905756881140033,0.3411600345000643,40,20
Rekurrensparese::150::vowels::a_n,ok,,0.5425571329070379,0.20673513489402137,0.298833981208186,0.8960745979521062,-1.6282603114787082,1.8497413130307525,0.6070710420729981,0.3493413142604025,0.898086945770558,0.422137863083377,0.9869623290007006,0.28657954873877317,40,20
Rekurrensparese::152::vowels::a_n,ok,,0.5546951989803579,0.14996282150280188,0.3499568056405474,0.7846420842764866,-1.4626420441295171,1.7775336391270424,0.5696796029358985,0.24885507470377183,0.6597762909534004,0.4852660128024644,0.9864822774647645,0.5200521129379138,40,20
Rekurrensparese::155::vowels::a_n,ok,,0.706667816385554,0.17672221630564608,0.48826632664883857,0.9918744387225829,-1.5412369952609468,2.2855928606596017,0.746262524741233,0.2889491112422332,0.752096036040558,0.6081517047569506,0.9852212597946428,0.33247850079783575,40,20
Rekurrensparese::352::vowels::a_n,ok,,0.6649252622213466,0.14116647058233664,0.48759238284352446,0.9102100525115052,-1.431412952264176,2.1508834223897217,0.7050328623833336,0.2509192656396544,0.6844439687622579,0.5892396497098328,0.9912913912118004,0.36290060863951334,40,20
Rekurrensparese::356::vowels::a_n,ok,,0.4239749413469901,0.11012046089849165,0.29085849751777354,0.6187278285774662,-1.3347853946960337,1.3962580085164193,0.4603446581272609,0.19552831430059295,0.5299958408117833,0.3617766735676693,0.9936947725279296,0.31401516758886305,40,20
Rekurrensparese::358::vowels::a_n,ok,,0.6824226746208735,0.1332268236568557,0.4969512809959019,0.9012536847685859,-1.4117517263503938,2.1681159499589233,0.7023306598947341,0.23852599918749745,0.6673579569584334,0.6244213135270182,0.9890862807682449,0.5065616734907353,40,20
Rekurrensparese::362::vowels::a_n,ok,,0.6453845017288435,0.1572418120622488,0.45528095898025644,0.9029352682077256,-1.4796488692420142,2.096200205103215,0.685360724701947,0.257569948800375,0.6644737246645542,0.5540968775592143,0.9895961925466744,0.31905713002731656,40,20
Rekurrensparese::364::vowels::a_n,ok,,0.7061765672059723,0.11470536697449848,0.5546450642544195,0.909191853762868,-1.35250758943351,2.249879660657521,0.7368176878734205,0.21436957827811004,0.6164290994026205,0.650344512226998,0.9917649092063673,0.3989370195446218,40,20
Rekurrensparese::365::vowels::a_n,ok,,0.5669480420490332,0.1922044447887681,0.32892961763905404,0.8746198052842383,-1.5884318150052716,1.8725512894820313,0.6082712970393882,0.31209739578209356,0.8118549847232175,0.4585363352174663,0.9845310108811451,0.3425347194340119,40,20
Rekurrensparese::448::vowels::a_n,ok,,0.5688001635732738,0.10497822627927886,0.4283163183708794,0.745508823208037,-1.3231375952801663,1.8143421181706447,0.5902519631757569,0.18754229788722948,0.5233233046332493,0.517417069117135,0.9925131638919145,0.45285646012111536,40,20
Rekurrensparese::450::vowels::a_n,ok,,0.5981044272085596,0.11391874754590507,0.4464331003611274,0.798835240230446,-1.3504262174612915,1.91552560148551,0.6272670178560436,0.21275277448413188,0.606628984157819,0.544237057201189,0.9916526259509015,0.408841916298336,40,20
Rekurrensparese::492::vowels::a_n,ok,,0.6526093840946638,0.048651371775897095,0.5806347244404407,0.7384038609568275,-1.1504632499028609,2.0386062790967436,0.6609143461967992,0.09756390150336072,0.2984498635375106,0.6338995285575598,0.9964391947351021,0.559236864793974,40,20
Rekurrensparese::565::vowels::a_n,ok,,0.7209520583255675,0.21882593801544908,0.40116537051586054,1.043496077330756,-1.676909522156746,2.298561387091894,0.7227409931292618,0.36914533932847143,0.979695455016258,0.6392781889289192,0.9796697641542789,0.6899192244144992,40,20
Rekurrensparese::627::vowels::a_n,ok,,0.3992590564787425,0.12835595021550453,0.2410897750306674,0.6164670548763705,-1.3920365465744817,1.3281925527081784,0.4341231152169248,0.21958089071420753,0.5785270808676866,0.3288054638798208,0.9917135644978716,0.3407835022409774,40,20
Rekurrensparese::629::vowels::a_n,ok,,0.5809423122003674,0.1394949848034272,0.4115699524190874,0.8114888882815496,-1.4260662510766098,1.883713034736349,0.6173216802799998,0.2312555619661906,0.6096116388569399,0.5004606206480159,0.9899269385705782,0.309168543295551,40,20
Rekurrensparese::632::vowels::a_n,ok,,0.7190570227369016,0.23313338406462322,0.39360897850559406,1.0564459396386272,-1.7190279519297547,2.2967889880257983,0.7263418761836793,0.3749699734702187,0.9592695722551774,0.8168004666091465,0.9792653963799312,1.2862418135609777,40,20
Rekurrensparese::633::vowels::a_n,ok,,0.685469816835505,0.19726678374760537,0.40918896102140917,0.9956243488783475,-1.6099894201702925,2.2047737148327182,0.70548596055429,0.34053004142175647,0.9204094047858318,0.7475907041854706,0.9820025272300899,1.0472978365636976,40,20
Rekurrensparese::670::vowels::a_n,ok,,0.7366508016282016,0.14879316776444448,0.5482731524189741,0.9870055963398694,-1.456054764405654,2.3661904160155314,0.7733328558132951,0.2569915742957799,0.6940651067549153,0.6571610023600166,0.9894381332820552,0.3704430080971389,40,20
Rekurrensparese::671::vowels::a_n,ok,,0.5722821761797703,0.15058870579286532,0.3730957136744838,0.8100196025052844,-1.4634506530157143,1.8448355115863138,0.5950589942846062,0.251136603817551,0.6677150119904254,0.4961416259660604,0.9878563091386003,0.4641238268871229,40,20
Rekurrensparese::712::vowels::a_n,ok,,0.5159376060764219,0.1097690732792554,0.37189043882917805,0.7005952638860481,-1.3379095499929912,1.654645790194833,0.5400286755012998,0.19366913754510656,0.5301074361410638,0.4625720935779112,0.991118647919092,0.40369532817249193,40,20
Rekurrensparese::716::vowels::a_n,ok,,0.5629551139569162,0.1281435246627068,0.3979851787300132,0.7745793250768169,-1.3938326016306322,1.8117985248875152,0.5905781534998562,0.21936283523490016,0.5860965376156608,0.49786601830060895,0.9898290654132409,0.3901042438372404,40,20
Rekurrensparese::725::vowels::a_n,ok,,0.602686083655739,0.14614063413936004,0.4315540389096184,0.8618105262472482,-1.442972062196262,1.97937493240559,0.6545358452127804,0.2560618130477283,0.6773341617508768,0.5176314186863817,0.9915756940190249,0.2722288085960601,40,20
Rekurrensparese::726::vowels::a_n,ok,,0.7372144982192912,0.10504814272451621,0.5809405393971651,0.8927574398261796,-1.3250901524753194,2.3017211055523648,0.7367199823087102,0.18050091884743788,0.49413901124751103,0.696839532315336,0.9904767800591538,0.7436215657702245,40,20
Rekurrensparese::728::vowels::a_n,ok,,0.7765356927537164,0.15818130938339942,0.5573760497205608,1.0350710694579304,-1.488249182554072,2.475274858551084,0.7997364850476949,0.2807800109462289,0.7793221827926713,0.7035346526079995,0.9882546828572281,0.5297839057487499,40,20
Rekurrensparese::825::vowels::a_n,ok,,0.47045424836773153,0.15018397304979603,0.27831365504945105,0.7019290594900176,-1.4610960382562177,1.5326701689975453,0.4939469819338969,0.24000476760574257,0.6156938027669763,0.3913533297851174,0.9871814017261284,0.399401724492819,40,20
Rekurrensparese::849::vowels::a_n,ok,,0.6520892752008021,0.10354918502479375,0.5130727560926209,0.8306113838939856,-1.318693724341676,2.071907396300197,0.6754994217497066,0.18996879091636126,0.540294279614673,0.6023573966236668,0.9926117514126728,0.44374491778659897,40,20
Rekurrensparese::855::vowels::a_n,ok,,0.5837822726283479,0.13672885027595652,0.4136529692919615,0.8195515572525883,-1.4180530617624125,1.8967169552219993,0.62258604136614,0.23993616666401488,0.6533737837061953,0.5091072357538743,0.9907318347265013,0.3432127274463485,40,20
Rekurrensparese::859::vowels::a_n,ok,,0.6202117106524203,0.10564043500160752,0.4811048474660717,0.799385629884991,-1.3251184473762272,1.9731122489004562,0.6440827851700637,0.18841997100710048,0.5247875308555905,0.568390114281613,0.991843372051307,0.4054649299130696,40,20
Rekurrensparese::864::vowels::a_n,ok,,0.622004828741755,0.12732641022919805,0.476122233714335,0.8402438866427374,-1.386705791947973,2.0126780957432966,0.6649775310822112,0.2129043685042104,0.5521308775725373,0.5449298271288632,0.9910503274166652,0.2220288767196609,40,20
Rekurrensparese::869::vowels::a_n,ok,,0.4790201922660198,0.1054668633892032,0.34508659837844047,0.666824848606649,-1.3233123322707436,1.5503314625933007,0.5111173562962387,0.19390097096230627,0.5405095616042352,0.425959212804325,0.9923553969541485,0.3333495443260395,40,20
Rekurrensparese::874::vowels::a_n,ok,,0.5761775994992421,0.13980710447743125,0.39162105623578125,0.8056617412544818,-1.4305150441932852,1.8554277015839709,0.6028787683976,0.24159889421042277,0.6560792410395173,0.5074848183321353,0.9888778753423406,0.42707086577029896,40,20
Rekurrensparese::879::vowels::a_n,ok,,0.46953762385218917,0.10187969678624546,0.3399314775837642,0.6513139471487067,-1.3119071830974467,1.5205941347063154,0.5004012675046244,0.18773066402020616,0.5248769221140464,0.41706623666769405,0.9930498993939108,0.3545764043848317,40,20
Rekurrensparese::880::vowels::a_n,ok,,0.5882523872160845,0.19433138787203644,0.3419116865011975,0.9168936669603938,-1.5959974937995791,1.9530760174091042,0.6366717037472955,0.33742498381973784,0.8981666545134255,0.4874919297047198,0.9855103103244107,0.37037719468350255,40,20
Rekurrensparese::883::vowels::a_n,ok,,0.6177311192174563,0.13377224269442248,0.4710695527080946,0.8583358335296842,-1.402628402690084,2.022393973056759,0.6734083943495469,0.23131884726823634,0.6062016741325937,0.533237961477355,0.9925972004374636,0.18611586148967446,40,20
Rekurrensparese::887::vowels::a_n,ok,,0.5186405814075628,0.08432076716477013,0.3986361799805165,0.6481304122793708,-1.2602873939346917,1.6327423364387867,0.5240416782635243,0.14470540748454916,0.4071474368228367,0.4782411165979821,0.9929712694394053,0.6470662881949837,40,20
Rekurrensparese::893::vowels::a_n,ok,,0.8096932177548535,0.19970840148026586,0.5201293819105685,1.1077378730415945,-1.617762604093929,2.5629655519498495,0.8148312278432988,0.33828633158296073,0.9063303238380023,0.7321642212122479,0.9812810866816052,0.6577959711354314,40,20
Rekurrensparese::896::vowels::a_n,ok,,0.7541104079924219,0.20049240582192798,0.49032944347346274,1.0693227893385986,-1.617442352679713,2.4269212481372326,0.7845653834570406,0.33200835751163665,0.872060818794405,0.6557488552642323,0.9816041257643024,0.4345313189257255,40,20
Rekurrensparese::897::vowels::a_n,ok,,0.8567804618517865,0.12505663899196873,0.6967588958109652,1.0759195175119287,-1.383499408966261,2.7234323966667824,0.8918510851513615,0.22680626033873683,0.631149931647152,0.7929447854571332,0.9910548784990931,0.36169535147320797,40,20
Rekurrensparese::908::vowels::a_n,ok,,0.7515293615344322,0.16592678956613557,0.5332863685165646,1.025012809256719,-1.5110708048709693,2.408507770380903,0.784314425103872,0.2873172432688265,0.77817795096753,0.6708922318411898,0.9859435118457697,0.4123806219044041,40,20
Rekurrensparese::912::vowels::a_n,ok,,0.7332000996278547,0.15217999653383282,0.5390897458092068,0.9932544296870095,-1.466396986324521,2.3615950279646527,0.7721116047481514,0.26801121671380623,0.7242844005792861,0.6541620244640376,0.9898314269792693,0.38181021192087955,40,20
Rekurrensparese::914::vowels::a_n,ok,,0.8130133437758327,0.128029366766245,0.6543107106669274,1.0404451807889274,-1.3909054439825455,2.5989929841843407,0.853591901517716,0.23149372988463282,0.6381910446904291,0.7438656209725075,0.9915286500105627,0.33058038437527476,40,20
Rekurrensparese::924::vowels::a_n,ok,,0.48907158554801083,0.12054554827675543,0.32364646677828035,0.6808773156528689,-1.3723775087933685,1.563328101127573,0.5048807599222841,0.20768303765647017,0.5673740810887264,0.43579436423441986,0.9887486854219505,0.4854055270624911,40,20
Rekurrensparese::926::vowels::a_n,ok,,0.46374205485717085,0.09971355246277798,0.3428166381851325,0.6363628811898482,-1.304343794080459,1.5015158029233517,0.49439030394957084,0.17331042777502156,0.4640921454306546,0.408082922848091,0.9931470713005801,0.29729472862600226,40,20
Rekurrensparese::928::vowels::a_n,ok,,0.5697839494356975,0.11187166168933142,0.44128908025186536,0.7720769391135021,-1.3381369144892712,1.8514791681926723,0.6133379505400216,0.19866656614658532,0.5309411411994276,0.5032055795406394,0.9936781383426069,0.24470286501124586,40,20
Rekurrensparese::929::vowels::a_n,ok,,0.4857911041128585,0.14429675303280565,0.31061508639886987,0.7267618279820289,-1.4407684325922379,1.601358469665115,0.5245616108344949,0.2415209833651973,0.6269400009679988,0.40419410805746847,0.9894512146491566,0.31452287417679126,40,20
Rekurrensparese::1040::vowels::a_n,ok,,0.5607754935819654,0.15668559622700948,0.3598136839835461,0.8252833347972132,-1.4808444711696227,1.8347420489256558,0.5982043216752769,0.27339028022727474,0.733974885570678,0.480247001826422,0.9887582820294479,0.3906905005052087,40,20
Rekurrensparese::1049::vowels::a_n,ok,,0.5018046125238983,0.10725463903486564,0.36187925079060584,0.6895761359281205,-1.32949420169429,1.6172209248208738,0.5301912646522038,0.19647780812247678,0.5502860185134262,0.4490848170489602,0.9921975117747959,0.38601592153335346,40,20
Rekurrensparese::1054::vowels::a_n,ok,,0.643879769789682,0.13910404828823103,0.4905211399308555,0.891379092485969,-1.417299839343864,2.1103308037136688,0.6994129522029876,0.23810763287554912,0.618054454498858,0.555429886713672,0.9938492421078547,0.2201083979105755,40,20
Rekurrensparese::1120::vowels::a_n,ok,,0.5559455441823526,0.16428552742802657,0.35422010334067705,0.840185285644619,-1.5016783554542659,1.8400383238946358,0.6045291930461211,0.28706929122292835,0.7641766341228808,0.4664159084211811,0.9888632783769571,0.3267710613135187,40,20
Rekurrensparese::1166::vowels::a_n,ok,,0.8042928325502838,0.11524504903175377,0.6632859626654342,1.0107491451233777,-1.3503545734132876,2.5686965425709034,0.8428087722444062,0.20897259272194377,0.5817988276530359,0.7389375269426903,0.9934665532896645,0.33575767060275297,40,20
Rekurrensparese::1206::vowels::a_n,ok,,0.5504129248699331,0.15790009269036012,0.35262677871923204,0.8197043030794507,-1.4832324523691933,1.8109599497993119,0.5925681720321072,0.2747446845298832,0.7365094349568562,0.4656991602428481,0.9891952883512154,0.3575555966875181,40,20
Rekurrensparese::1223::vowels::a_n,ok,,0.3967149179421204,0.13066759298001804,0.23493056753349267,0.6196816130585514,-1.3991313709172841,1.3231524009537752,0.4328816866067955,0.22616887072005537,0.6119387672029064,0.3237119022886391,0.9915839569508282,0.3464642733162875,40,20
Rekurrensparese::1249::vowels::a_n,ok,,0.7245157152647919,0.14936133481926028,0.5247623716572432,0.9673862078661534,-1.4604714436777384,2.311249833363577,0.7501547096059695,0.2578995956710275,0.6987383544306454,0.6538245096605063,0.9877750360505284,0.4505709491658772,40,20
Rekurrensparese::1256::vowels::a_n,ok,,0.47496844115404535,0.20362965708257888,0.2283207090861529,0.8350738293103254,-1.6197455133486027,1.6527481230154626,0.5411832832956969,0.3617894691732565,0.9399728800862093,0.36682384618390496,0.9867374446473354,0.31677397174256144,40,20
Rekurrensparese::1262::vowels::a_n,ok,,0.5677460142692592,0.10886614169942127,0.4249957132899595,0.7547627833656971,-1.3345667837469302,1.8182363278152185,0.5939526515849783,0.19607489251889007,0.5461360098898869,0.5136250543401386,0.9921987740706325,0.40978588134172195,40,20
Rekurrensparese::1263::vowels::a_n,ok,,0.6107199890468932,0.10544683944454737,0.4712708838305851,0.7929811608286487,-1.324191348846193,1.9478118334177401,0.6361108609159554,0.19210862274390111,0.539831302502332,0.5591050565835842,0.992584544223792,0.417625321418835,40,20
Rekurrensparese::1270::vowels::a_n,ok,,0.5916711244844696,0.21013697820369007,0.32442638047113415,0.9217948066532919,-1.6450422875504291,1.9519272524793105,0.6287857788194857,0.34045543880418705,0.8781877128037867,0.47981219966508526,0.9816908044772243,0.39214560998147824,40,20
Rekurrensparese::1271::vowels::a_n,ok,,0.6375505216172949,0.16424081455098122,0.4237054396837433,0.8907616027563575,-1.5051372737165896,2.0432193493369004,0.661024063545914,0.2657028020345491,0.6950069407605586,0.5544913912016518,0.9837745938647184,0.41221711125614824,40,20
Rekurrensparese::1272::vowels::a_n,ok,,0.5314656208510801,0.13980307250752094,0.3467042821628674,0.7641850543025281,-1.430351236970114,1.7238847205584376,0.5597370027751911,0.24487476503056782,0.6598111657051917,0.4641987819569786,0.9894612267915619,0.43619085557414994,40,20
Rekurrensparese::1277::vowels::a_n,ok,,0.5983353071763808,0.22976633455141965,0.3116573677747263,0.9529150026509923,-1.7033573469087866,1.986649962053121,0.6386536890618977,0.36205850331262335,0.9243853955553285,0.46847112490961373,0.9809404944418278,0.3688776441384633,40,20
Rekurrensparese::1289::vowels::a_n,ok,,0.6450228365661574,0.1891533220215238,0.4063970414280544,0.9439095579982162,-1.5803433044488044,2.0975469306430066,0.680754385998281,0.30675150031782195,0.7967181316006688,0.5428609584278399,0.9833208578706323,0.3676367235413634,40,20
Rekurrensparese::1292::vowels::a_n,ok,,0.5574937799916234,0.10634511246340456,0.4376881452838148,0.7638124477346516,-1.3193254266950383,1.8195758328851417,0.6086846208216077,0.20400451950539297,0.5649853182674254,0.4955740398458459,0.9942519757181423,0.21196837930355017,40,20
Rekurrensparese::1293::vowels::a_n,ok,,0.6732521609894867,0.12389586322213587,0.5110059572199184,0.8874438847894982,-1.3807286171086721,2.153623394818505,0.703795413131204,0.22426688310872614,0.6183048398665942,0.6123908374162552,0.9909086114237506,0.4099281962088884,40,20
Rekurrensparese::1304::vowels::a_n,ok,,0.9567665204474654,0.1337732172455581,0.780547396312106,1.1853301203340354,-1.4112787323152216,3.029926061644613,0.9877634510765645,0.24035081040347464,0.6729506889180152,0.890109251284003,0.9903181277146939,0.4200455339953097,40,20
Rekurrensparese::1314::vowels::a_n,ok,,0.8498484842083384,0.16371743432485128,0.6188843388836788,1.1243396589591748,-1.5055416899769747,2.707093657685106,0.8752830050855509,0.301371852242358,0.8535680286714884,0.7779055408392241,0.9881746238284181,0.5552327007761925,40,20
Rekurrensparese::1325::vowels::a_n,ok,,0.477534110825789,0.0756450311865664,0.3789365243763093,0.608383382505659,-1.2326314197502681,1.5175599486082318,0.49685316717243405,0.137050308794567,0.3877622818559727,0.44013994705536774,0.9940514624936397,0.37190547590784306,40,20
Rekurrensparese::1330::vowels::a_n,ok,,0.9884775799944538,0.031573163677057654,0.9452112219182031,1.0640527738278818,-1.0425883195470889,3.1353155632852125,1.0353252351116515,0.07505557790696374,0.24185837061475723,1.008190330509207,1.0601041623208012,0.31269623467048036,40,20
Rekurrensparese::1382::vowels::a_n,ok,,0.605504695956643,0.18147425815193285,0.3463047208976237,0.8552299295312571,-1.558236805213455,1.9080261973627122,0.6000189383604209,0.2859451129593176,0.7291632453434369,0.6939900266405175,0.9848112364816569,1.5773319604634657,40,20
Rekurrensparese::1390::vowels::a_n,ok,,0.6991418622019763,0.11910791152936785,0.5406020698513981,0.900577650522304,-1.3666486057541223,2.224213659770425,0.7245504974037549,0.21305676739447388,0.5919890675003554,0.641471947799915,0.9912000545897284,0.4367559227065152,40,20
Rekurrensparese::1397::vowels::a_n,ok,,0.7568870366673842,0.14306617089793736,0.5841345147637967,1.0071685450388739,-1.436101956140066,2.4389882600468673,0.8025560544894835,0.2508221177945306,0.6679041078236079,0.6772615737831206,0.9903054152473807,0.300639952588767,40,20
Rekurrensparese::1399::vowels::a_n,ok,,0.5528782545004007,0.17300637191044227,0.3463531609039476,0.8450783982405431,-1.5268636686779282,1.8375206110052813,0.6036225377822511,0.29048401218533465,0.762580856156613,0.45143509818077676,0.9888617607000427,0.2941743192590191,40,20
Rekurrensparese::1402::vowels::a_n,ok,,0.5467360348189594,0.10330923817695306,0.4316253175184048,0.7401516602246532,-1.310702136174622,1.779837386886756,0.5930603689146208,0.18868935304768666,0.508648120801563,0.4845555924257474,0.9943421652932569,0.20346807615117438,40,20
Rekurrensparese::1407::vowels::a_n,ok,,0.6762816332363664,0.09161746457890818,0.5621239642688641,0.8404042376801274,-1.2799254855841833,2.150628847852972,0.7059288196558517,0.1678091721079401,0.4704282926212757,0.627264859968275,0.993835989737758,0.32558465606844395,40,20
Rekurrensparese::1418::vowels::a_n,ok,,0.6796569323965455,0.16655234307508499,0.4795876836350189,0.969967808676911,-1.5069601261585812,2.224629841926631,0.7328163612783063,0.29007038925284956,0.7703390364970586,0.5851812940694936,0.989510652404407,0.302171802150119,40,20
Rekurrensparese::1424::vowels::a_n,ok,,0.7547548535576089,0.12837713204142703,0.5627908736202962,0.9707887093962543,-1.3967597547203128,2.3911531015060326,0.7685772299773094,0.24762087559992513,0.7345853839485361,0.6995889662418701,0.9920012554468824,0.6805837359226439,40,20
Rekurrensparese::1434::vowels::a_n,ok,,0.5693062570620595,0.18230963481264256,0.34646094095260455,0.8758236135102567,-1.5564973584424564,1.8924449878365395,0.6186302260882331,0.30843483329508303,0.8084874892372835,0.46676570988700616,0.9879862891219268,0.33365619505064464,40,20
Rekurrensparese::1437::vowels::a_n,ok,,0.6080491455441391,0.12862253544107805,0.44737373780955303,0.8201075660864411,-1.394579463454495,1.951100165879048,0.6385852441490156,0.21621175606091944,0.5725802181834068,0.5392909283279608,0.9889853933709849,0.33124047778751947,40,20
Rekurrensparese::1444::vowels::a_n,ok,,0.3592513254056033,0.1021817383702803,0.2373814394699372,0.5424025736269019,-1.3100214248984636,1.195354629718131,0.39523522637885566,0.18284929923325255,0.49054958169991325,0.30123017212460235,0.9941105923230378,0.2987804301285867,40,20
Rekurrensparese::1466::vowels::a_n,ok,,0.7599749704210341,0.1933317087056806,0.5462446535333211,1.1005338525053445,-1.5819836759894348,2.5137511091165505,0.8347843895432968,0.3274532446538723,0.8414034327404218,0.6377220997380589,0.9897838051927623,0.21011475951425665,40,20
Rekurrensparese::1470::vowels::a_n,ok,,0.6327287345977979,0.13204157113026685,0.45256779722429785,0.8585171035167597,-1.406459427204037,2.0310958064520435,0.6594917609343718,0.2424220824305754,0.6836912448678687,0.5698163253072226,0.9912540284163939,0.49334503785128014,40,20
Rekurrensparese::1478::vowels::a_n,ok,,0.6528686098784495,0.2304670044125614,0.3470652095281453,1.0050823602649137,-1.7100450727694885,2.1303051765074903,0.6801398346294916,0.37410924933975587,0.9605198360650755,0.7313642370836562,0.97744814404487,1.0491061489889069,40,20
Rekurrensparese::1484::vowels::a_n,ok,,0.5768874182448689,0.1778503531928326,0.3442883265322547,0.8581378094895183,-1.5472491869513876,1.8775228010835843,0.6057783572630675,0.29502241940493046,0.7812812594666245,0.4869740257090265,0.9846625164225931,0.42760071756851264,40,20
Rekurrensparese::1489::vowels::a_n,ok,,0.5835236981132187,0.11420454516043749,0.4544002765041432,0.7916943583171955,-1.3443150807455653,1.8989191459870036,0.6301863378410768,0.203247791311833,0.542835039836528,0.5143137526474922,0.993798445423457,0.228467124124522,40,20
Rekurrensparese::1547::vowels::a_n,ok,,0.42608349208128526,0.10395449103609138,0.30311218007701607,0.6130819049513431,-1.3153046568791744,1.4006748384357737,0.46383786447286246,0.18608278621647156,0.5018196768508822,0.3666108365061689,0.993896136763756,0.279589440153592,40,20
Rekurrensparese::1548::vowels::a_n,ok,,0.7494089741821708,0.19224381675633673,0.4824258504950184,1.0375326215911622,-1.593470764464302,2.3811329692994065,0.7618709831775844,0.316836765124923,0.8353040550297601,0.8230576881738496,0.9827054532365619,1.1818103899247892,40,20
Rekurrensparese::1549::vowels::a_n,ok,,0.6308895322747532,0.1454306795297171,0.4332821613743912,0.8721499780716763,-1.4483395764935576,2.027262127478387,0.6566228677882837,0.2584538497401098,0.7129874819940527,0.562610838559773,0.9893001793880282,0.4875165408808167,40,20
Rekurrensparese::1553::vowels::a_n,ok,,0.5826677593321308,0.13552146451600516,0.41338877405926927,0.8124913010244257,-1.414450827592825,1.890426157593503,0.6183677898106431,0.23407696924366758,0.622879888603471,0.5095324636293191,0.9911103037422035,0.3601990540826834,40,20
Rekurrensparese::1555::vowels::a_n,ok,,0.5073470189999731,0.06143256990400829,0.4192896163778453,0.6108310752370806,-1.1899945500980862,1.5935880496638604,0.5166072923566997,0.11512984432791178,0.3386089312516636,0.481331402482845,0.9952934427782528,0.5418411948241694,40,20
Rekurrensparese::1564::vowels::a_n,ok,,0.7711515371176471,0.22962067064027006,0.4636793643666723,1.1269973360425385,-1.7079610201787427,2.489598548046111,0.799595469640403,0.3795979198739942,0.9931201056167804,0.8471614062028034,0.9777324593882702,1.0272931598618462,40,20
Rekurrensparese::1570::vowels::a_n,ok,,0.3532052301440834,0.0839471052079101,0.25760249527209117,0.501267433428671,-1.2542765555907789,1.1579722883581072,0.38433200270333706,0.14437638832823277,0.3768788361481481,0.30299120111881805,0.9948093857736169,0.21893894418485507,40,20
Rekurrensparese::1581::vowels::a_n,ok,,0.40512360157248517,0.16624929332655397,0.20395188213620294,0.6788699952484746,-1.507668171126063,1.3777901241178558,0.4479928068143346,0.2738646452190385,0.7028612598031745,0.3106585493010735,0.9879915347331514,0.3135288957619369,40,20
Rekurrensparese::1601::vowels::a_n,ok,,0.5823743523992059,0.2114994894880387,0.3050994386513552,0.9025464230214763,-1.6505291850559882,1.9044483710527715,0.6077435328983087,0.33793937005102603,0.869284413059912,0.47669931856741066,0.9790676827255438,0.44682581790677595,40,20
Rekurrensparese::1604::vowels::a_n,ok,,0.5739373264289527,0.17672105858307818,0.368408279382106,0.8691867226817253,-1.5360867865808596,1.9084446514810962,0.6270386943121524,0.28947751533601196,0.7442970003186349,0.4650859616342491,0.9897055838590174,0.2732736602443361,40,20
Rekurrensparese::1620::vowels::a_n,ok,,0.4890184337098528,0.12913933174556752,0.32763744424654057,0.7151147302645826,-1.3953945388932971,1.6010646508743085,0.5274451429442262,0.23097058033707885,0.6330789996561772,0.42115847208016066,0.9906347059798927,0.3259210744750187,40,20
Rekurrensparese::1624::vowels::a_n,ok,,0.5724091948947327,0.112591024367854,0.4277285397382685,0.7644284883951106,-1.345759517878969,1.8348204681205438,0.600595557690793,0.19902420130992093,0.5489474810270711,0.5146695019567556,0.9915700181778566,0.37028322807049124,40,20
Rekurrensparese::1626::vowels::a_n,ok,,0.6663347319982316,0.1830412242747975,0.42483734689619956,0.9562401561074948,-1.5637783112804635,2.1520770723371503,0.6950228153129664,0.30561276895146716,0.802793037805412,0.5775420401100029,0.9844000116405075,0.4440498104871098,40,20
Rekurrensparese::1630::vowels::a_n,ok,,0.527323636710211,0.0790131276445142,0.4283753603885737,0.6681434852720198,-1.2416600407916296,1.6808712971332538,0.5522844462129229,0.14445713851136494,0.409422867277085,0.4850588093012249,0.9945431957487565,0.32663266588215206,40,20
Rekurrensparese::1631::vowels::a_n,ok,,0.5171033079877319,0.0681306582969486,0.4306421915839577,0.647742610400773,-1.2057715103261148,1.653022009758252,0.5430139601088528,0.13616125876081459,0.39875515285657315,0.4813411547211839,0.9972758744714503,0.3866081344660236,40,20
Rekurrensparese::1638::vowels::a_n,ok,,0.6931011972046606,0.10814762794447963,0.5220337681067327,0.866799014078373,-1.335384198165614,2.1682374536285094,0.6950181356383285,0.20850550268302162,0.6014386411598975,0.7254626779463269,0.9920714709477312,1.1317375082418433,40,20
Rekurrensparese::1641::vowels::a_n,ok,,0.6043003205200391,0.12732520986248044,0.4315217188598176,0.8245352419858727,-1.39237327111024,1.93893797810001,0.6325220031929886,0.23591132751491958,0.6720108233159388,0.5456765315165779,0.9906155754083793,0.44610647884336085,40,20
Rekurrensparese::1644::vowels::a_n,ok,,0.7255590367151661,0.07685636495961379,0.6411643549210594,0.8694868532146112,-1.230724390361017,2.307944176849027,0.7608908897794462,0.139833300999006,0.38727414581546515,0.676846630206436,0.995770387822997,0.19409542286539302,40,20
Rekurrensparese::1655::vowels::a_n,ok,,0.6775253333417972,0.10887161083972123,0.5414408356602771,0.8670866067785321,-1.3331069559634012,2.1627388469267537,0.709282117718814,0.19360094141180975,0.5334683392686426,0.6190208509079327,0.9925065297119318,0.33603285861461946,40,20
Rekurrensparese::1658::vowels::a_n,ok,,0.6298880488170507,0.19543850652467853,0.3732054007089698,0.9350247677798426,-1.6016697258298218,2.0460200335646523,0.6586292277308102,0.3211509546537747,0.8372827843247297,0.5332636965177056,0.9826397059646779,0.4377490379643539,40,20
Rekurrensparese::1662::vowels::a_n,ok,,0.612253826037186,0.16936665786214233,0.39455515037176014,0.8874504589013776,-1.520637774134246,1.9881796625425936,0.6462732717823515,0.2851292845793798,0.7540652447313532,0.5256910082357337,0.9857452043236423,0.39039334015325744,40,20
Rekurrensparese::1664::vowels::a_n,ok,,0.4157631530751827,0.10306977386735437,0.28308537012702867,0.5897959445314735,-1.3166768436873881,1.3470702381038038,0.4403037920785481,0.18044136542480413,0.4914366619851682,0.363384658084388,0.9920633326078239,0.37862091443243256,40,20
Rekurrensparese::1671::vowels::a_n,ok,,0.6907146186997541,0.14181839908291652,0.5158037700855779,0.9326916891143577,-1.4340218893577383,2.2250276572825975,0.7303498711150408,0.24485811603187235,0.6477495700523583,0.6146726720124993,0.989417457854565,0.32024149621899634,40,20
Rekurrensparese::1676::vowels::a_n,ok,,0.528102004710221,0.11826824718635327,0.37038258420319725,0.7197211156187131,-1.364494213656052,1.6901315922281255,0.5482528406299643,0.2031949104400541,0.5521086720021637,0.4709107426373005,0.9901685850213202,0.4476735637792313,40,20
Rekurrensparese::1683::vowels::a_n,ok,,0.588816711320489,0.14615001086899,0.41199443631947313,0.8572804634525342,-1.4446341321518847,1.9363685874963534,0.6428209594767686,0.27094134124779257,0.7412881720550848,0.5099362475961926,0.9904276399525578,0.28954962296403486,40,20
Rekurrensparese::1691::vowels::a_n,ok,,0.6561105699005073,0.16307216234008493,0.4492068846048115,0.929001949854105,-1.5002293804900864,2.1278995499326765,0.6951434660780608,0.28040189572554897,0.7527020802585067,0.5696857410724411,0.9878376290782958,0.3696982254887071,40,20
Rekurrensparese::1713::vowels::a_n,ok,,0.49137411346033,0.14575930346533678,0.3111724226782347,0.7256224947655231,-1.4464099826316903,1.6060541581948247,0.5234123671497741,0.23739529817084407,0.6157698745903102,0.4101657213919635,0.9877748848442556,0.3343305327216213,40,20
Rekurrensparese::1722::vowels::a_n,ok,,0.8135325575168876,0.044676132254111496,0.7694957407854071,0.8984443420355723,-1.1323786830879654,2.5595009842393037,0.8378715842171942,0.07964581874518459,0.21504369261291068,0.7821224089245521,0.9976496295352297,0.09165675156523788,40,20
Rekurrensparese::1743::vowels::a_n,ok,,0.5288915788650214,0.13964254301952048,0.34881679444631,0.7543076780810081,-1.4295273156631727,1.7091702728551887,0.5557736450489882,0.23415838245169268,0.6191270765488364,0.45825166938563333,0.987587467937707,0.38836465272389914,40,20
Rekurrensparese::1748::vowels::a_n,ok,,0.5099202189341702,0.16508451875780486,0.30173410052874616,0.7816772969868186,-1.5064768829910766,1.6815381416250612,0.5475715998107155,0.27836377502530785,0.7382751454064,0.4219009532292807,0.986774874222399,0.359352803886895,40,20
Rekurrensparese::1755::vowels::a_n,ok,,0.9807379251283942,0.3108321217280021,0.5686238144536904,1.435915382055029,-1.956434935214715,3.155739157766001,1.0057872616185084,0.48644405646694555,1.205862552140161,1.0976251136683441,0.9698675373175242,1.1978236365642756,40,20
Rekurrensparese::1760::vowels::a_n,ok,,0.5743826797916853,0.1565691421703299,0.3595810477674502,0.8411034008505859,-1.4826980743953364,1.8680309065633258,0.6049709691053914,0.2872952144902292,0.8049847342247101,0.5034263538082597,0.9888481654744323,0.48780186546764576,40,20
Rekurrensparese::1776::vowels::a_n,ok,,0.5559650898817747,0.09320997109415341,0.44365344422106623,0.7247266454644187,-1.2834662944761213,1.7868073465329037,0.5893840611191505,0.1696790078752673,0.46667801607449366,0.5041129077011369,0.9942741947199052,0.28960242539798187,40,20
Rekurrensparese::1784::vowels::a_n,ok,,0.572930355325646,0.12602443008183087,0.42667784910858786,0.7959592421207866,-1.3821697037328415,1.8680417384919557,0.6183751911971644,0.21949350684690036,0.5843577671329618,0.49812394413249694,0.9922913915141819,0.2499634235658557,40,20
Rekurrensparese::1785::vowels::a_n,ok,,0.5490512755423324,0.12641834605635252,0.39077112746260545,0.7627213128327072,-1.3870450060453832,1.777537472310524,0.5818145797545305,0.21794080495647547,0.5849358709612473,0.4805852066376144,0.991160269427765,0.35393653047477375,40,20
Rekurrensparese::1788::vowels::a_n,ok,,0.5591212439430923,0.17894088605035605,0.335827983738454,0.863216732234908,-1.5476911830841797,1.8563193427082996,0.6066839695422555,0.3095875074554942,0.8195158381021743,0.46438777542642407,0.9872540127153451,0.3517282912756483,40,20
Rekurrensparese::1789::vowels::a_n,ok,,0.7822821853367096,0.2286069257703722,0.5052716722760809,1.1531883466894053,-1.6980202464210596,2.5670877764129814,0.8376402693925049,0.3713541846052048,0.9499787082814057,0.6498619815946645,0.9831539794843006,0.32307047833916513,40,20
Rekurrensparese::1803::vowels::a_n,ok,,0.5136459774577823,0.15167375845672162,0.32669530579718203,0.771883780625608,-1.463363389174414,1.6961657068664495,0.555716996947884,0.26119290260292066,0.6967898223056368,0.4296768256655856,0.9898410055636405,0.33778967766931156,40,20
Rekurrensparese::1818::vowels::a_n,ok,,0.8411567819549097,0.20330281147309925,0.5617621863387693,1.1509850375715809,-1.6275057662924897,2.6783381781884965,0.8592258044928182,0.33701537722047686,0.8862910904650452,0.7497850331550483,0.9814816218466043,0.5367534045128783,40,20
Rekurrensparese::1820::vowels::a_n,ok,,0.47864049431297007,0.11143249009375965,0.33629811207091137,0.6784384126175611,-1.3415977282389946,1.5549266691559576,0.512683945682336,0.20701155329782842,0.5780129990623717,0.4231358560505807,0.9917802380684331,0.34563576681879205,40,20
Rekurrensparese::1825::vowels::a_n,ok,,0.6073097584251073,0.26270676703505735,0.29202887704525454,1.0069816478305842,-1.800839818535049,2.0458421635678814,0.6573434027399909,0.39939262257804425,0.98081198666896,0.4492232514687492,0.9783780852317709,0.3128615778991733,40,20
Rekurrensparese::1826::vowels::a_n,ok,,0.8366300890042281,0.13318697454647804,0.6676584262128726,1.060682936248595,-1.408200885296996,2.6630147764423033,0.8691769706247477,0.230255210505898,0.6219205211084109,0.7655556887684094,0.9906462466556585,0.3777875314668982,40,20
Rekurrensparese::1829::vowels::a_n,ok,,0.5221371448674327,0.09854239280985592,0.39675986242973604,0.6972199715508155,-1.3014127108521183,1.6799476499094121,0.5515980895029859,0.18068690657114014,0.5026390942777454,0.47152449898296167,0.9939079465334213,0.3617847291137467,40,20
Rekurrensparese::1830::vowels::a_n,ok,,0.56193677099335,0.12596234988580607,0.4031412277983009,0.7897951425790413,-1.384920606731224,1.8276445888074073,0.6026726136312872,0.2343407778914041,0.648758837331961,0.4976637342118311,0.9916979874071261,0.3428584005466904,40,20
Rekurrensparese::1831::vowels::a_n,ok,,0.38917983133744427,0.1346688798310357,0.22366670093017393,0.617463260710733,-1.411793495064313,1.301859394472947,0.42642381080925273,0.23051263288624405,0.6099207089917624,0.3157009625028382,0.9905425419948163,0.3189196452863997,40,20
Rekurrensparese::1832::vowels::a_n,ok,,0.48552072159789655,0.15311405040303994,0.2797957304021858,0.7388445095720542,-1.4721184292056597,1.5905976565543465,0.5136203340493205,0.26942274075000033,0.7296202497365734,0.4150892638526906,0.9878032525681942,0.4575126917271007,40,20
Rekurrensparese::1835::vowels::a_n,ok,,0.8986252245247073,0.12650575588749477,0.7478355131158946,1.1181940106935253,-1.3851862356953508,2.862560155046751,0.9393674762401851,0.21854162061653332,0.5838140173420499,0.8254906621772531,0.991686372777366,0.28138664280610376,40,20
Rekurrensparese::1836::vowels::a_n,ok,,0.6328101778342187,0.08244232911306462,0.5289789373390866,0.7749058625963008,-1.2527284945940507,2.0038868652325963,0.6556340209230404,0.14575804286501548,0.40223405767715903,0.589330098542852,0.9938579704669865,0.3358163666000654,40,20
Rekurrensparese::1863::vowels::a_n,ok,,0.6117629535695472,0.12548382372138184,0.44780499045355754,0.8167195976065621,-1.3862601216421795,1.9531766230580097,0.636255498334649,0.2146997533080965,0.5842853332802624,0.548978161782953,0.98925607532051,0.39970896319771315,40,20
Rekurrensparese::1867::vowels::a_n,ok,,0.6551737068061435,0.23157077650633198,0.3734574746097844,1.035978608522989,-1.7060468598701664,2.19621406917246,0.7134464086593997,0.3820778692842197,0.9757977293479869,0.5223230345963203,0.9857970305251263,0.345112737441455,40,20
Rekurrensparese::1892::vowels::a_n,ok,,0.5092461502127604,0.1440506757656799,0.3251882328827581,0.7556288791822551,-1.441995794120217,1.6701517718072927,0.5459306588892916,0.25415659876029284,0.6809434192442856,0.43645237736675346,0.9894299431785447,0.37565107758516975,40,20
Rekurrensparese::1901::vowels::a_n,ok,,0.6351367078628489,0.16963629986900147,0.4320503728895628,0.9351268239238826,-1.5159261455292001,2.095867808288149,0.6921388383900606,0.2995665527897048,0.797030065611712,0.5396042525997874,0.9893600620501164,0.295140493144614,40,20
Rekurrensparese::1939::vowels::a_n,ok,,0.6031202996909457,0.13892027875494622,0.417185867978115,0.8327121050150362,-1.427429940462194,1.9411578765253683,0.6288769732478776,0.24376630740157765,0.6725647832788724,0.5334886545264832,0.9903421958527255,0.47395314751878287,40,20
Rekurrensparese::1955::vowels::a_n,ok,,0.3857321157442716,0.1395178300176994,0.21630874791896107,0.6258457309269214,-1.4259478636358205,1.30101822347581,0.42752582835077535,0.24108766213133082,0.6405322261072275,0.3080346235502436,0.9902203317391858,0.30344107436614937,40,20
Rekurrensparese::1970::vowels::a_n,ok,,0.5543240343062928,0.1754734448618426,0.31696653745097336,0.8260000531691063,-1.5412825179723555,1.7961639043461481,0.5747258903491044,0.29177030683233524,0.7687918695755518,0.47314279056643227,0.9841800550681089,0.49320298602266127,40,20
Rekurrensparese::2002::vowels::a_n,ok,,0.5089922795197015,0.17940382811975245,0.2697481418880076,0.7903855564846791,-1.55314808092731,1.6680302085799288,0.533893520116329,0.2989854814009256,0.7826499469822537,0.4253023124240929,0.9834542074998676,0.4624255941012548,40,20
Rekurrensparese::2007::vowels::a_n,ok,,0.5374076822769183,0.1262633992636886,0.38031000412557325,0.7580675042133327,-1.3860749601760551,1.7480356434998359,0.5750112126206628,0.22476543783533703,0.6147273046908173,0.46953142314971386,0.9912944341898482,0.3332803892221467,40,20
Rekurrensparese::2009::vowels::a_n,ok,,0.5282440798225725,0.15698434785640644,0.32838728303863707,0.7924898766922528,-1.4812383233809856,1.738558776187857,0.5661076440764832,0.2719359262019927,0.7210537477095031,0.44708823800871933,0.9891310653394996,0.3880264212081033,40,20
Rekurrensparese::2014::vowels::a_n,ok,,0.6125497037319787,0.16259462111359158,0.3973249462845414,0.8879304955359801,-1.5005849634570891,1.9901627972427354,0.6481342961461369,0.2901390186152578,0.795043149791629,0.5349969569643456,0.9875756461976418,0.42204965632986446,40,20
Rekurrensparese::2024::vowels::a_n,ok,,0.6542609025472925,0.1641335492929597,0.4360143880658975,0.9172330856352207,-1.5056812871724121,2.105068130742332,0.6806340752340598,0.2783240934739903,0.7413380565673879,0.5746165258126347,0.9864356284461908,0.46043993993634236,40,20
Rekurrensparese::2033::vowels::a_n,ok,,0.6375426136884736,0.06399993828253824,0.5535666891369427,0.7833667760699036,-1.1232535187882218,2.099207786918753,0.7107524953077415,0.1382600069749132,0.39018258523963234,0.6389944293240066,1.0462925785500967,0.22687605190494597,40,20
Rekurrensparese::2058::vowels::a_n,ok,,0.6046938265713476,0.16740258122013119,0.37278157629172626,0.8725799338042373,-1.517231279659311,1.9489706301188932,0.6260176336709417,0.29133642897471407,0.7920055802918498,0.5311820269095191,0.9861311722064483,0.5244503905645936,40,20
Rekurrensparese::2072::vowels::a_n,ok,,0.7668276899486611,0.24167317071528807,0.4221835809704686,1.102301448508195,-1.744294850192285,2.427513601186772,0.7613757264528229,0.3825692156315178,0.9681697854079161,0.877828927318537,0.9792441120990973,1.5546218583942581,40,20
Rekurrensparese::2073::vowels::a_n,ok,,0.43541824421492403,0.10495945748876374,0.29006334089945907,0.603598656617939,-1.3241490025649696,1.3931147014748524,0.44903584577424727,0.18307761043862603,0.5098772513969809,0.38720248794735335,0.9912700018448422,0.518629199714684,40,20
Rekurrensparese::2078::vowels::a_n,ok,,0.6365505661709185,0.1764576698462796,0.4037888347565556,0.9200618640322935,-1.5437201577214024,2.059051780699672,0.6666352275336542,0.29863517345572665,0.7915643208609446,0.5522811371756194,0.9844737762144353,0.4297025472429763,40,20
Rekurrensparese::2083::vowels::a_n,ok,,0.4209261888017733,0.09567737397554991,0.2853636955916782,0.5777901454429492,-1.2958836060388939,1.344810978456783,0.4335155132748401,0.172915767453417,0.483368639933198,0.38057701555508405,0.9924758256799494,0.5534401970560712,40,20
Rekurrensparese::2086::vowels::a_n,ok,,0.5281449039073268,0.12211527293652133,0.3830319382705607,0.7366170735890957,-1.3725769586640353,1.7152237492707045,0.5658273894671971,0.2070302955912874,0.541670177312159,0.4589173006028521,0.9909441547810003,0.2599608254642809,40,20
Rekurrensparese::2088::vowels::a_n,ok,,0.8441212518142555,0.16595278187389162,0.6189832697862595,1.1113535012363969,-1.5119133841638348,2.685222710383842,0.8691006610888706,0.286448338090361,0.7752904392995443,0.766608513031747,0.9869712241318267,0.48911301041606664,40,20
Rekurrensparese::2100::vowels::a_n,ok,,0.7002050713907486,0.14497544915796057,0.5052148172495134,0.9320195732797891,-1.4468471206430271,2.231413712727681,0.7219817913584391,0.24737759571666293,0.6716591127822795,0.6299169491049899,0.9881573196744653,0.4823018246179058,40,20
Rekurrensparese::2109::vowels::a_n,ok,,0.5772733772526111,0.12033597533557921,0.42649668057488077,0.7841045625109947,-1.3683552872107163,1.8612696091980807,0.6105272318555552,0.2112847160970102,0.5773163209516072,0.5123108399497716,0.9916991058936763,0.3454010366704025,40,20
Rekurrensparese::2115::vowels::a_n,ok,,0.6713539159521865,0.141584077991798,0.4779126533452779,0.9015885823782518,-1.4370012570643056,2.1416454559734874,0.6931701734722673,0.24782806260803578,0.6778708510688265,0.6068106348575475,0.9886993782026146,0.4934129124797959,40,20
Rekurrensparese::2148::vowels::a_n,ok,,0.6803450242979868,0.13017129912546033,0.5097730707627821,0.904127923583085,-1.4000647087445883,2.1787181452202553,0.711825489004261,0.23448995408607382,0.6506047454016395,0.6160689022514763,0.9905955858940335,0.40772478442563087,40,20
Rekurrensparese::2150::vowels::a_n,ok,,0.33232660089958665,0.10659817454399854,0.20083395871896773,0.5141099046221566,-1.326180737246768,1.1030944799545375,0.3621591440103254,0.18404615548920059,0.4928554171835502,0.27427255241629556,0.992137373359786,0.3181800089075209,40,20
Rekurrensparese::2152::vowels::a_n,ok,,0.46759371864560845,0.14666756333905961,0.2786297368995201,0.714816424605092,-1.4508370148540366,1.5393721076395497,0.5021465804624734,0.256485483123842,0.6956425201951939,0.3940707618023922,0.9882137670420094,0.3763773343727866,40,20
Rekurrensparese::2153::vowels::a_n,ok,,0.6677557243014693,0.12979961973283555,0.5180218760818677,0.8927561898775049,-1.3937739631468689,2.1591058263967593,0.7122310485468051,0.22031603842405,0.57328832088744,0.590194709745952,0.9916160615330105,0.24559659314767435,40,20
Rekurrensparese::2155::vowels::a_n,ok,,0.4322245392429118,0.13861416438372334,0.2745347745702398,0.6657628540289153,-1.4202786160462169,1.4435659086809165,0.47720847453129966,0.22662849251396758,0.579444569258122,0.34568735781407156,0.9908959307258106,0.22503084275282276,40,20
Rekurrensparese::2160::vowels::a_n,ok,,0.7633765792218,0.12669445530053097,0.613721447349475,0.9839133512391625,-1.3856952532084594,2.4466277709087336,0.8052500371783712,0.21854019235519181,0.5764317709519524,0.6902889723388201,0.9911727884221248,0.2657806750713656,40,20
Rekurrensparese::2182::vowels::a_n,ok,,0.7591647906770624,0.11263628805410827,0.6077079021062554,0.9498427096345187,-1.3469427226341855,2.4041703426447163,0.7823200890193307,0.2029361272222442,0.5668026587976538,0.7054913033500043,0.9916207733859724,0.4561256460934324,40,20
Rekurrensparese::2190::vowels::a_n,ok,,0.6681538522329814,0.18118377763793111,0.4457613130734424,0.9680586513424633,-1.5545634236521222,2.1809246860488836,0.7139515884434944,0.3024537197829837,0.7848000636287651,0.568643780230593,0.9857167218204388,0.3206761656162976,40,20
Rekurrensparese::2192::vowels::a_n,ok,,0.7427301262973445,0.24115802442248016,0.4322814958652263,1.1208302313925709,-1.741232998439068,2.4290184412147573,0.7826379814035688,0.39283297411684365,1.0086476216537443,0.619782411402211,0.9789925465365125,0.4144163414626045,40,20
Rekurrensparese::2216::vowels::a_n,ok,,0.61414338802785,0.16651080505417254,0.40695894504729824,0.8783531323927466,-1.5101561883456833,1.991053056035657,0.6480414177896596,0.26889960419153713,0.6960635985404897,0.5217772148090081,0.9859998551085893,0.3460299654990915,40,20
Rekurrensparese::2218::vowels::a_n,ok,,0.5821093900299952,0.13113736111938248,0.4415307284453105,0.8204810629115793,-1.3935602747685178,1.9149271321885888,0.6399252215873042,0.2275429000431879,0.5948382233675469,0.4975694716672461,0.9924809557735296,0.16589032802536116,40,20
Rekurrensparese::2235::vowels::a_n,ok,,0.7028832146253607,0.13562295239741137,0.5058725483971219,0.9238681049484132,-1.4195474468599687,2.2300618805612538,0.7167161725560678,0.24825101368944577,0.7081408404199312,0.6452882673785634,0.989887619146488,0.6359424022801885,40,20
Rekurrensparese::2237::vowels::a_n,ok,,0.6982316959613664,0.10312005159745005,0.5477073197971218,0.8786148580858413,-1.3180153470204197,2.2102416839585306,0.7159286389109865,0.2026100992842538,0.5995536795001328,0.654902909459965,0.994502233936502,0.5839852834406325,40,20
Rekurrensparese::2243::vowels::a_n,ok,,0.5536457540934532,0.17657095740043655,0.3221808934837232,0.83602127522951,-1.5439626037161776,1.8069218702215049,0.5838503930693631,0.29640136806101697,0.778283367564446,0.4693554270508218,0.9839983335950397,0.41652778328891465,40,20
Rekurrensparese::2247::vowels::a_n,ok,,0.6026284235873538,0.13705525848154776,0.41457914640609367,0.8239516732540009,-1.4234430113497871,1.9240497024284469,0.6224394720904753,0.23905866064039824,0.6482445011856828,0.5431910422980168,0.9880744855686829,0.48777003106848826,40,20
Rekurrensparese::2274::vowels::a_n,ok,,0.5911389860137384,0.14843193719625195,0.38032482628103564,0.8369795443927507,-1.4590667983837187,1.899485369478375,0.6119286169506329,0.27110187620088927,0.7543363878506226,0.5305248006359835,0.988872948590314,0.546175832186421,40,20
Rekurrensparese::2330::vowels::a_n,ok,,0.5690925693519284,0.14812171512744196,0.3800928052515336,0.8176916395275854,-1.4544275480675628,1.8520748316964066,0.6042824676399702,0.2562507207546695,0.6873942209233954,0.49200859485487713,0.989280652414767,0.38292767941856026,40,20
Rekurrensparese::2341::vowels::a_n,ok,,0.63919839875255,0.21226362904348017,0.3471310557782099,0.9714911618083348,-1.655668286998268,2.079458349749227,0.6630365546814267,0.3605173326675584,0.9580803340859751,0.5467351607157562,0.9811822444959033,0.5229622636173586,40,20
Rekurrensparese::2342::vowels::a_n,ok,,0.6841862948873636,0.19690740838592688,0.4425175283305963,1.0204120255024685,-1.6010547029704678,2.257704773655321,0.7398246739359375,0.3392481800813764,0.8960252873695316,0.5754672414468547,0.9871133694449816,0.3366369581895662,40,20
Rekurrensparese::2346::vowels::a_n,ok,,0.8115115792439658,0.2211450528042614,0.48635946930141966,1.1365952108609951,-1.6841196008962485,2.5661961172392824,0.8118277677652064,0.37421655011216504,0.9825366116414767,0.8977510711003706,0.9817611091381113,1.3118343651307653,40,20
Rekurrensparese::2378::vowels::a_n,ok,,0.7178204807704678,0.20323015115295373,0.4363421898903699,1.0453272831112108,-1.6274275452134053,2.323706062979365,0.7448890922353723,0.35570219987628554,0.9639055178742559,0.6259427948808569,0.9850761217440238,0.541227952190066,40,20
Rekurrensparese::2393::vowels::a_n,ok,,0.6746665143089304,0.12182161172843062,0.5240880754185321,0.8827681138981128,-1.3726368621374925,2.1613587131238634,0.7087456933980011,0.21094432658091525,0.5687322868824998,0.6077465119171584,0.9912387825945406,0.3268190778598261,40,20
Rekurrensparese::2394::vowels::a_n,ok,,0.7622157351357308,0.08798752970965709,0.6345844436193566,0.9120563800856678,-1.2718273177310526,2.395583503032427,0.775186107326496,0.16775251966590263,0.49151405585410757,0.7248262637139734,0.9940828619748023,0.598459727681232,40,20
Rekurrensparese::2395::vowels::a_n,ok,,0.8051406854338294,0.20274327159893601,0.5242792130686085,1.1030147721202297,-1.6255322356860453,2.549522074093291,0.8151881303624183,0.32823549160420196,0.8434798355169804,0.8856063083009863,0.982386395747173,1.2227530669360047,40,20
Rekurrensparese::2408::vowels::a_n,ok,,0.7119641943948884,0.21936900518208718,0.45867585172242054,1.086373589433075,-1.6647601628528885,2.3767612237118914,0.7833216057472437,0.36613031896369963,0.9357042611300903,0.5791547165000397,0.9872336768004271,0.262788421836262,40,20
Rekurrensparese::2414::vowels::a_n,ok,,0.6096630328865801,0.15194078394508728,0.4272719507865339,0.882114407593923,-1.4617909299385672,2.0043825605139927,0.6626067488684377,0.2728412421214341,0.7316946040228873,0.5251611089927033,0.9907181007934894,0.29779300419268334,40,20
Rekurrensparese::2418::vowels::a_n,ok,,0.7933689776597423,0.14486547480656634,0.6122709519763134,1.0433550864647647,-1.4430432982255827,2.5451528583203955,0.8341027296965878,0.25503576911450265,0.6950192348652067,0.7149524920649775,0.9903337224035741,0.3496320467184133,40,20
Rekurrensparese::2430::vowels::a_n,ok,,0.594352259363242,0.13042740681057663,0.45764549894875617,0.8296098998472438,-1.3902550913784222,1.9534670710751088,0.6525501080868611,0.2223225627535946,0.5756482824431632,0.5076821357795457,0.9924830860849267,0.15022715018673874,40,20
Rekurrensparese::2450::vowels::a_n,ok,,0.6898423027428435,0.18790212396292347,0.4331699618784339,0.9835235274688421,-1.5802983734603537,2.2155202558658225,0.711779133641228,0.3171546428674345,0.8347930945812143,0.608511393433759,0.9829443356266248,0.5070982536504981,40,20
Rekurrensparese::2455::vowels::a_n,ok,,0.8155808541900935,0.22064032883738546,0.5152512500562566,1.1562498900160691,-1.681291991697794,2.6105851808384646,0.8391485960127593,0.3677724452819888,0.9563501661108109,0.8908469127339639,0.9815516758423586,1.038350147084345,40,20
Rekurrensparese::2460::vowels::a_n,ok,,0.7314635508842592,0.15684331932943868,0.5182016925848331,0.9803447678389436,-1.4839937142704582,2.3296780261071643,0.7526738038185254,0.2675441717933488,0.7200192407248593,0.6589322750367834,0.9869786882946759,0.4930489332301368,40,20
Rekurrensparese::2464::vowels::a_n,ok,,0.6612760485263343,0.14337697229288307,0.4658372108342843,0.9075623601457056,-1.441608144688121,2.1256465480831386,0.6913283721689255,0.2642869311357483,0.7473109122024599,0.5942466762345993,0.9901982836521047,0.47310289215074564,40,20
Rekurrensparese::2465::vowels::a_n,ok,,0.6842261684582276,0.24572372248423743,0.3825656407509675,1.0556786153699071,-1.7505015693198165,2.253639176839986,0.7257452106824024,0.37637359214699995,0.9393521116214933,0.5404175504675621,0.979545001896874,0.3482280095024475,40,20
Rekurrensparese::2469::vowels::a_n,ok,,0.3242254082000806,0.08092861716993734,0.22874126366721875,0.4812434844955843,-1.2443188955874924,1.0752135334111537,0.3607225924124893,0.15848033550200397,0.45081511862542945,0.27957610751330064,0.9954622091133223,0.25431326885806393,40,20
Rekurrensparese::2476::vowels::a_n,ok,,0.49186958662085384,0.18314334629644852,0.2690219742645207,0.7814357765720552,-1.5598357454516942,1.6385109057732394,0.5313302714543587,0.2909014453305626,0.7368840005876516,0.3862536413845845,0.984778514654138,0.3202268881019319,40,20
Rekurrensparese::2491::vowels::a_n,ok,,0.8303532229411529,0.17168857335588336,0.6215330098884446,1.125250551955117,-1.5236509507477352,2.683621570520316,0.8811131994102451,0.2962498318744892,0.7879433023858198,0.7336264574239068,0.9887629316145263,0.3190494801050434,40,20
Rekurrensparese::2493::vowels::a_n,ok,,0.6599028142258073,0.1778619641396449,0.4254010993781384,0.9418152186055417,-1.5477727352633772,2.128548138967872,0.6881755717626072,0.2970724773510052,0.7844569110289745,0.572831902484493,0.9850520284595693,0.43507585292111656,40,20
Rekurrensparese::2496::vowels::a_n,ok,,0.8380193324074122,0.18711096913770664,0.5915321860475398,1.1428020372868142,-1.5759899149540786,2.688180122279257,0.8723642701611773,0.320323918510627,0.8537985450487895,0.7461252213338885,0.9852363932232943,0.44080954621860496,40,20
Rekurrensparese::2501::vowels::a_n,ok,,0.6617016658055082,0.13702035271446222,0.49648816068806645,0.8940335368084699,-1.418209141842739,2.1349252986098506,0.7015261634760671,0.23223096785238212,0.612073613156646,0.5837061771784247,0.9904401295615648,0.29291944434649336,40,20
Rekurrensparese::2507::vowels::a_n,ok,,0.9268002974117018,0.0649796139404182,0.8417846363002387,1.0488954898533736,-1.198841872193253,2.9081195158469995,0.948914951154423,0.12910545615204383,0.3803245066076979,0.8959981900284553,0.9957036242428664,0.362076844687383,40,20
Rekurrensparese::2508::vowels::a_n,ok,,0.5953433244128495,0.16626387056192207,0.37235216929589027,0.8629402076486851,-1.51300740233555,1.9241937133172446,0.6217583395435358,0.2847739338250919,0.7561031235272382,0.5201002093164178,0.9852224544476221,0.45463446557540904,40,20
Rekurrensparese::2512::vowels::a_n,ok,,0.7058738941111579,0.11760395763347863,0.5695775531724768,0.9272829167012031,-1.3545499130732446,2.2807342325585545,0.7560674716478596,0.21988771746336228,0.6036873171719837,0.6382833284531764,0.9938278739783081,0.2542370420711006,40,20
Rekurrensparese::2527::vowels::a_n,ok,,1.0073473234269925,0.22954983858870145,0.7037473695910339,1.3620487542397204,-1.7072538549874874,3.2125998441551444,1.0375535209155686,0.3753071377985694,0.9602758777142419,0.8989981640837068,0.9790959526309391,0.45752912393995815,40,20
Rekurrensparese::2536::vowels::a_n,ok,,0.8458777983884914,0.10957391292773098,0.7115219876768746,1.0479928810600445,-1.3326672300546578,2.696227182682355,0.8858101078588625,0.20535900063127407,0.5664411002147567,0.7881196843174736,0.9940955874330678,0.3217212924946844,40,20
Rekurrensparese::2538::vowels::a_n,ok,,0.665341762798624,0.2428785266994228,0.3684622171410486,1.0518009182136294,-1.742451901322628,2.217387544191212,0.718231647202265,0.38904644864608356,0.9830639336711644,0.5271201621514312,0.9813198484035626,0.3369053125679033,40,20
Rekurrensparese::2539::vowels::a_n,ok,,0.8394335795783107,0.26895438182150744,0.4845049246437132,1.2451635655996263,-1.827706981567387,2.7182536443215586,0.8691985338998016,0.4300439576991418,1.0954344689625728,0.7070942985285562,0.9732713475214455,0.4675982865040628,40,20
Rekurrensparese::2562::vowels::a_n,ok,,0.653080227716224,0.15928660823838245,0.4588628279773382,0.910280092478233,-1.4862648970624928,2.1171723223018786,0.6904165778229321,0.2584603368139569,0.6634364735111493,0.5611392260068088,0.9894023930375744,0.33738878825749563,40,20
Rekurrensparese::2563::vowels::a_n,ok,,0.5820361830882332,0.15841524528608447,0.39063774542222385,0.858964873523523,-1.4826655596846379,1.9192803587037837,0.6323216065161997,0.2775151589421273,0.7308084076759043,0.49491735729071795,0.9896087805540399,0.3057826855918425,40,20
Rekurrensparese::2564::vowels::a_n,ok,,0.795175623835366,0.112182122940016,0.6703776709979763,1.001499811837021,-1.3373939898861873,2.5510495227661316,0.8434021017966146,0.20048675761135498,0.5429175258200374,0.7250438379749395,0.9940227811318207,0.21160946896828256,40,20
Rekurrensparese::2565::vowels::a_n,ok,,0.70565273164163,0.17402850864724698,0.4831657196379377,0.9956570139409745,-1.5341740677807758,2.286695067406508,0.7454443545307201,0.29915436130505507,0.7925824079715014,0.6162460425149034,0.9871669349197867,0.3882246446262325,40,20
Rekurrensparese::2570::vowels::a_n,ok,,0.93207040744555,0.1571964387962507,0.724641063154212,1.1914165489622068,-1.4835918953798004,2.9615952666517495,0.9627033037553939,0.2729192502241177,0.7453426547159783,0.8531063369564209,0.9882462375409546,0.44406661027948446,40,20
Rekurrensparese::2581::vowels::a_n,ok,,0.44982736686304825,0.09393815776045432,0.32595948492421706,0.6124259259798589,-1.2888363951931345,1.4461597301190583,0.4728168606329513,0.1710684874984104,0.47756757158331276,0.40449903428025835,0.9932797103682046,0.4081053939420405,40,20
Spasmodische Dysphonie::143::vowels::a_n,ok,,0.5932477662609247,0.17735481728908822,0.36023747013849805,0.8927729841355205,-1.5452282894911902,1.9486839467561272,0.6323490952533686,0.31383861626823584,0.8369867522879679,0.5086420656850585,0.9877762121945113,0.4294336957872432,40,20
Spasmodische Dysphonie::665::vowels::a_n,ok,,0.56391830636405,0.11160587409494374,0.4095432225777261,0.7478967399841776,-1.344780167583492,1.7944709012658537,0.5815281858099374,0.19950940724480654,0.552132388502852,0.5152831581093578,0.9911156398637349,0.49872725725071854,40,20
Spasmodische Dysphonie::901::vowels::a_n,ok,,0.675121712094867,0.08735307354223174,0.5545888150882969,0.825900952619172,-1.2690842434816012,2.132231909823339,0.6928470865582024,0.1631987023908118,0.469769468599619,0.6346433010964636,0.9940123779532799,0.5064088969303611,40,20
Spasmodische Dysphonie::1438::vowels::a_n,ok,,0.5488037594542974,0.22759960321334027,0.27284061065196763,0.9144062001672539,-1.694621576425995,1.860486378585991,0.6018051435579684,0.3662666339261302,0.9381641911936844,0.41493693209627736,0.9838921116487926,0.3281094449470438,40,20
Spasmodische Dysphonie::1482::vowels::a_n,ok,,0.5721616387636648,0.15747983047530062,0.36084940662078707,0.8283751198196567,-1.4854790399624405,1.8524205775018188,0.5988725972175837,0.27252398803566413,0.738522837601153,0.4972706408712939,0.9877297171524074,0.45933436402151895,40,20
Spasmodische Dysphonie::1565::vowels::a_n,ok,,0.5730592409198566,0.21686647827827313,0.3151829655219348,0.9240561995029651,-1.6605588159565183,1.9297500324784709,0.6279297099836465,0.3478503736131513,0.8766607711884107,0.4434000843051573,0.9848809745869301,0.3027087842814361,40,20
Spasmodische Dysphonie::1652::vowels::a_n,ok,,0.4998987043502363,0.1646763857386365,0.2910849110353705,0.7659923534920781,-1.5052649738880162,1.6474006376289874,0.5337492153906467,0.2734361995285946,0.716083028624813,0.4118973425369793,0.9871382566079037,0.38283028720766343,40,20
Spasmodische Dysphonie::1666::vowels::a_n,ok,,0.7803984641222607,0.1582273510348491,0.5523823180757306,1.0369890467764646,-1.4896020242214048,2.4774577543498677,0.7973095112414207,0.28667914491863555,0.8129063151757752,0.7139155143343728,0.9876535454444666,0.5943851255245526,40,20
Spasmodische Dysphonie::1672::vowels::a_n,ok,,0.5963963013132686,0.14441710411308248,0.3864558698775565,0.8210558559532477,-1.4470508175889465,1.8964485961861348,0.6051638551477755,0.2538147259941859,0.7048388484575119,0.5377048419432904,0.9878293905619282,0.6368145071085874,40,20
Spasmodische Dysphonie::1677::vowels::a_n,ok,,0.581696918935892,0.2378862625900697,0.2780052244437702,0.946566296020488,-1.7302801419956282,1.9345414423995833,0.6177946295764177,0.3779944726448006,0.9635361812957459,0.4555897587598762,0.9776152471107222,0.40040400915586244,40,20
Spasmodische Dysphonie::1679::vowels::a_n,ok,,0.6474876199850089,0.12934254112372442,0.47048288714723197,0.8615525831799953,-1.3993566073327202,2.063400594820723,0.6694503730619908,0.23036741256071971,0.6274286630588213,0.591581870854658,0.9897514399411047,0.48202557277949454,40,20
Spasmodische Dysphonie::1689::vowels::a_n,ok,,0.6081832427092146,0.16930537564186596,0.3976379883193073,0.8944298247104027,-1.5180073350399241,1.994621715825637,0.6529244709595673,0.2908416507532524,0.7761002030017705,0.5157313299456654,0.9882528703366485,0.34577050800737485,40,20
Spasmodische Dysphonie::1723::vowels::a_n,ok,,0.4832992771487283,0.15845704772661787,0.2820517327894188,0.7370485943013739,-1.4865162064624917,1.5872079332235982,0.5144990503988083,0.2612568792629618,0.6852098784375471,0.39946864374563384,0.9866684067629119,0.37382180899004724,40,20
Spasmodische Dysphonie::1752::vowels::a_n,ok,,0.7473048899355328,0.23019323166378255,0.4492808574010871,1.1167649283226289,-1.7080400877534108,2.4405516605834885,0.7895074295943914,0.3845078507881128,1.004305694458595,0.6318758009295812,0.9807398710720994,0.40994983937597435,40,20
Spasmodische Dysphonie::1757::vowels::a_n,ok,,0.626083055885629,0.15118783615812145,0.438802636948527,0.8764277843786165,-1.4628028184774826,2.029233769912242,0.6634269661120209,0.2536801348363902,0.6618782848534766,0.5437015220681097,0.9890935259787181,0.33964376624908066,40,20
Spasmodische Dysphonie::1762::vowels::a_n,ok,,0.6249446578925882,0.20345117512362107,0.3796656434951989,0.9661526888110357,-1.6205359849997838,2.0804066708309197,0.6816409849581453,0.34081213267666527,0.8895733627301636,0.5079132487758484,0.9862168082801223,0.3079548663204949,40,20
Spasmodische Dysphonie::1763::vowels::a_n,ok,,0.6722278552511924,0.08552866821125138,0.5696526431294856,0.8220788654799425,-1.260866900341066,2.133994003052261,0.7003193075217092,0.14983795094162108,0.40272721950295765,0.6244187549470592,0.9939649062284238,0.27293738674743606,40,20
Spasmodische Dysphonie::1769::vowels::a_n,ok,,0.6167927820220387,0.2558463122661887,0.28853347600435436,1.0235644706055986,-1.785832095833739,2.0740564841308986,0.6629676943837536,0.42114594822349705,1.0828853798878297,0.4842250404627235,0.9796471951921256,0.4139335730147401,40,20
Spasmodische Dysphonie::1770::vowels::a_n,ok,,0.6171321203008364,0.10240059553223894,0.49234654786503007,0.8026370094076231,-1.3115554039430575,1.9821863938793047,0.653069106910367,0.18750011494829913,0.5159634734110483,0.5613083163669715,0.9939922049826786,0.30565871255752186,40,20
Spasmodische Dysphonie::1782::vowels::a_n,ok,,0.6080628359392382,0.08873013322701852,0.5009742963861916,0.7801261454322428,-1.2682112574525635,1.9519871573726921,0.6464378216934751,0.1752372195645519,0.4944864618873632,0.5615021337818082,0.9950910816458582,0.2829869838139089,40,20
Spasmodische Dysphonie::1790::vowels::a_n,ok,,0.5641408458075057,0.08119763598537082,0.4602655992841549,0.7019612335272846,-1.249479699943178,1.787696590822723,0.5843829506523328,0.1425177657590506,0.38915208408751045,0.5232845305655757,0.993579184400754,0.35721980678654325,40,20
Spasmodische Dysphonie::1797::vowels::a_n,ok,,0.63893156237243,0.10631098245231439,0.5094278108809566,0.8340147268177412,-1.3236271120903553,2.0525878770129724,0.6778537046612378,0.19767265185700358,0.5516953714106938,0.581294265029572,0.9933476316488076,0.29229590053733034,40,20
Spasmodische Dysphonie::1804::vowels::a_n,ok,,0.5613081114235504,0.1039016073280359,0.4418146879612419,0.7472656072292592,-1.3153370698410494,1.8128992484376263,0.6008399403360623,0.18265436513068506,0.48490573799057124,0.5009456684288436,0.9931091519580608,0.2178171284598975,40,20
Spasmodische Dysphonie::1807::vowels::a_n,ok,,0.600317082492377,0.14594760503523382,0.41863419819904624,0.8654209383249478,-1.4449985023522263,1.9672850258168442,0.6491166602122238,0.2708901966210982,0.7315409542299691,0.5263740552426517,0.9904764113104508,0.3380832348389718,40,20
Spasmodische Dysphonie::1817::vowels::a_n,ok,,0.5937848914208961,0.09970493502345774,0.4774763827209922,0.7700280979214497,-1.3025061901843853,1.9087874309446045,0.6292385681125783,0.17381961612610827,0.46179882257593885,0.5351663276947672,0.9939465563945564,0.25710184646433165,40,20
Spasmodische Dysphonie::1821::vowels::a_n,ok,,0.5718386779506563,0.10810430550273169,0.44680981774009776,0.7750308627305323,-1.3265787767464734,1.8579813139938093,0.6178914857642808,0.20162361237726562,0.5489270363089291,0.5102177407554268,0.9935264435753075,0.24254855413386175,40,20
Spasmodische Dysphonie::1834::vowels::a_n,ok,,0.5285476017311425,0.11877330838363745,0.36970219020468875,0.7160094048609356,-1.3659204868821515,1.6888774295243456,0.5455732771863901,0.19946194682335208,0.5324427298192229,0.4706590421457969,0.9905615991541155,0.47638903723189296,40,20
Spasmodische Dysphonie::1869::vowels::a_n,ok,,0.6602420760486174,0.1324441464936918,0.495068868817158,0.8840794063235771,-1.4056835287586034,2.122525107032096,0.6949169867214735,0.2276795817882542,0.5953207159920604,0.5910776073580956,0.990586271893872,0.34089444794479795,40,20
Spasmodische Dysphonie::1902::vowels::a_n,ok,,0.5589564818176124,0.11215406371710877,0.41980506148048913,0.7519182974435146,-1.3435814502781553,1.7977171206923255,0.5908751430258778,0.1961368141315601,0.5267325855912626,0.4997606457610412,0.9912514112653275,0.31542154752369816,40,20
Spasmodische Dysphonie::1908::vowels::a_n,ok,,0.6198483450410737,0.12886454667227132,0.46225495822590074,0.8495041206689686,-1.3935156751362878,2.0065844321884527,0.6624400354510354,0.2322136350662429,0.6254923205498093,0.5523019034831429,0.9907649286502411,0.2976475415810478,40,20
Spasmodische Dysphonie::1909::vowels::a_n,ok,,0.6764155866555583,0.10715101774423955,0.5252053933530075,0.8499189929659364,-1.331352827012164,2.13278278030317,0.6897698702130037,0.19103591971156145,0.5343937845802573,0.6303877829829622,0.9913765531785941,0.5403032239583174,40,20
Spasmodische Dysphonie::1914::vowels::a_n,ok,,0.5630844111165365,0.164866945879919,0.348107741421468,0.8304727287181745,-1.5072300500665743,1.8348841153589461,0.5940348981805568,0.2793207311401188,0.7369888518305991,0.4812884056534392,0.9869126772216484,0.4226508717524612,40,20
Spasmodische Dysphonie::1937::vowels::a_n,ok,,0.41828779824712614,0.15171246094349575,0.22509245328804034,0.677178074573276,-1.46509439154682,1.4046902666602432,0.4568832944760633,0.26649376201881686,0.7138844822213586,0.33978521541171347,0.9893168983264895,0.3804743289112645,40,20
Spasmodische Dysphonie::1938::vowels::a_n,ok,,0.6303498534755605,0.08347664311486584,0.5261264357692369,0.7780740265465969,-1.2553996537844974,2.001024129693807,0.6562808538115105,0.15104326978645227,0.41984433061673787,0.5862160236449367,0.9942246781262969,0.319843357308156,40,20
Spasmodische Dysphonie::1945::vowels::a_n,ok,,0.5699860333399218,0.161658596810773,0.35549125077951804,0.8359236638558868,-1.497876481347304,1.8542359639435702,0.6003886273716866,0.2806579322146344,0.7563096710094706,0.4920321230583762,0.9875607730637427,0.44423860207195875,40,20
Spasmodische Dysphonie::1950::vowels::a_n,ok,,0.4460958684629085,0.16270678487323895,0.244869197367701,0.7214892585339973,-1.4972803794973184,1.5020643130208793,0.489899643102942,0.27891003392876934,0.7370432279500343,0.35708829027658007,0.9892825957689322,0.3428109646453269,40,20
Spasmodische Dysphonie::1960::vowels::a_n,ok,,0.5908334652321285,0.11239204429312794,0.4569662580088767,0.7888424294093864,-1.342276123301613,1.9057971708040342,0.6288904482116509,0.19730568063974965,0.5279820305164646,0.5273883547114656,0.9924801155769725,0.26872647354431645,40,20
Spasmodische Dysphonie::1961::vowels::a_n,ok,,0.5951340636664929,0.20844014604052372,0.3207937934934849,0.9111750083486003,-1.641577694972236,1.9374248289469722,0.619961546079628,0.33445631353300403,0.8596670274673897,0.49459707627107496,0.9787732381140919,0.43901915284968834,40,20
Spasmodische Dysphonie::1972::vowels::a_n,ok,,0.574197710421851,0.12609439972282677,0.4200694706807892,0.793180712622091,-1.3847322184751678,1.862429182246942,0.6125774906555975,0.22076543868376303,0.5961028306673026,0.5037824841443527,0.9918712133085001,0.3170545501231863,40,20
Spasmodische Dysphonie::1992::vowels::a_n,ok,,0.41880199345813623,0.1679032692146764,0.18263422961639747,0.6768747654389843,-1.5190736398939526,1.3751086449293641,0.43182005049233096,0.2850777118278537,0.7652771291546008,0.4776625750581439,0.9845094194349704,1.1236213835291808,40,20
Spasmodische Dysphonie::1994::vowels::a_n,ok,,0.48667550774004625,0.17627283356221887,0.2688665355728813,0.7859504334253113,-1.5386507361670778,1.637708604726517,0.5347204556459981,0.30305148565864687,0.8100770460976405,0.3885350831924991,0.988156764526412,0.3432254250739576,40,20
Spasmodische Dysphonie::1998::vowels::a_n,ok,,0.776002770716657,0.13070822363584195,0.5977939244271211,0.9834876980409986,-1.4034000948038186,2.451504807574626,0.7934292381094838,0.22353088774449356,0.6068978837058392,0.7153707512072793,0.9888146761391359,0.49505363837325383,40,20
Spasmodische Dysphonie::2008::vowels::a_n,ok,,0.6650202073442062,0.14640809274754568,0.4788552142554005,0.9077372943788179,-1.4489044235168764,2.1423928459541313,0.6984830739725518,0.24965433541807974,0.6647676006981129,0.58728181972062,0.9898539251232464,0.38522606390549996,40,20
Spasmodische Dysphonie::2010::vowels::a_n,ok,,0.39734978448751096,0.14276150480506247,0.20611997964744813,0.6301420760213623,-1.4402041172117255,1.3130591569111376,0.4219478484906386,0.24736996849377782,0.6695108945948314,0.3301814401951284,0.988018534678624,0.4537796308515788,40,20
Spasmodische Dysphonie::2022::vowels::a_n,ok,,0.5843393709625982,0.19976655699996038,0.33196437821699526,0.9112369746814974,-1.6124870017888593,1.9380468876664938,0.6282483883313512,0.3349972013400206,0.8789945386905336,0.4769682961697783,0.9850898921564466,0.3801937196408464,40,20
Spasmodische Dysphonie::2023::vowels::a_n,ok,,0.31447950080690734,0.09923533151792942,0.19410489371888986,0.4878057969139085,-1.3026353791902756,1.0481668091122487,0.3459714386413925,0.17429029643945726,0.4767343525313459,0.2582181976020699,0.9934998475251677,0.29778055707687856,40,20
Spasmodische Dysphonie::2030::vowels::a_n,ok,,0.7155724846774625,0.17797756341528648,0.503264325964032,1.0110220295176504,-1.5423268127486913,2.332657687650693,0.7646136644502576,0.2933378915186942,0.7482527568136623,0.6123650018948288,0.9879438091624098,0.2985873862543034,40,20
Spasmodische Dysphonie::2082::vowels::a_n,ok,,0.425904977773794,0.15007535575321942,0.2275022272678291,0.672104145382003,-1.4622775496653493,1.4080238553117794,0.45417871739827265,0.2593986461911375,0.7009632917826907,0.3529479177521301,0.9875814511224104,0.4307116165546753,40,20
Spasmodische Dysphonie::2141::vowels::a_n,ok,,0.36989429420756437,0.11840903745302127,0.22245823607587678,0.570978896079561,-1.3625123682409181,1.226176094931398,0.40179261262615373,0.20463183392016387,0.5533643472341829,0.3055078612941666,0.9915392375004428,0.33413876475155335,40,20
Spasmodische Dysphonie::2158::vowels::a_n,ok,,0.33294966900100836,0.08313523311719359,0.22000652626417663,0.46679645888239496,-1.2563552816208103,1.0702874102268436,0.34533160218593595,0.1437417917225671,0.3958635585279424,0.2930293530519614,0.9934389464361849,0.49760794593565294,40,20
Spasmodische Dysphonie::2159::vowels::a_n,ok,,0.5923583591923657,0.2205568215425142,0.3132979192841218,0.9430672804197977,-1.676808519084939,1.969509987322344,0.634635245838021,0.3601304938152221,0.9233273312494221,0.4753970945187287,0.9820226340870752,0.3834426281806106,40,20
Spasmodische Dysphonie::2194::vowels::a_n,ok,,0.4182241861555635,0.1483885233870227,0.22713735403334928,0.6571980302431291,-1.456018836341618,1.383126200434453,0.4466574036394554,0.24796367851058587,0.6576536187631334,0.34104250246413514,0.9879563272280292,0.3979073375905841,40,20
Spasmodische Dysphonie::2227::vowels::a_n,ok,,0.5693390718335054,0.16812115793204785,0.37636981246774626,0.8455392226979276,-1.5107578268402138,1.8786862175010337,0.6188597091293703,0.268888710973611,0.6763048482124778,0.4658425142024991,0.9882963092619974,0.2308859023445644,40,20
Spasmodische Dysphonie::2234::vowels::a_n,ok,,0.5975450921168226,0.08719571013133759,0.49773681654910723,0.7584859393811848,-1.263378537859741,1.9167071460730287,0.6337896875205625,0.1584765413251235,0.43233123259587636,0.5460026605996282,0.9950309057144883,0.22969304967547266,40,20
Spasmodische Dysphonie::2273::vowels::a_n,ok,,0.57382959843455,0.20138816526930914,0.34384680782971705,0.9081925056042213,-1.6112222920065864,1.9294272159056207,0.6355672957879401,0.32475085684691185,0.8124033316226176,0.4498365029850242,0.986182824902369,0.2317339875182623,40,20
Spasmodische Dysphonie::2304::vowels::a_n,ok,,0.5620120891948341,0.18098689382148128,0.33203591664942234,0.8641323448356603,-1.5553270882366557,1.857911266128564,0.6045296099876498,0.31056347697909176,0.8195752089510324,0.46879927679142575,0.9865388005549892,0.3774132002725046,40,20
Spasmodische Dysphonie::2320::vowels::a_n,ok,,0.5672545290187629,0.1356286245028059,0.4057043593684272,0.8080411254630767,-1.412738995954055,1.856283275222679,0.6138537402316331,0.2400315649796708,0.637230370918235,0.49132847705240024,0.990718928491315,0.27995393523447704,40,20
Spasmodische Dysphonie::2352::vowels::a_n,ok,,0.6647815526246493,0.23860390074530066,0.35180529954811374,1.0312611616113252,-1.734050817613673,2.179125225123085,0.6964912479292671,0.38609903784372696,1.0007442779644071,0.544634388335063,0.9784485785090478,0.4472414268056567,40,20
Spasmodische Dysphonie::2361::vowels::a_n,ok,,0.5677918308666332,0.17443807348177126,0.3658744611846306,0.8895189547010156,-1.5266387911151955,1.915053209466375,0.6379899825262668,0.31810899350173616,0.84719286639324,0.46788482540205556,0.9899372951286719,0.2595008515262245,40,20
Spasmodische Dysphonie::2396::vowels::a_n,ok,,0.44212023972484804,0.139114006655484,0.2650888380151806,0.6800517522642573,-1.4267394404712903,1.4626280245096956,0.478048888149096,0.24498975843488252,0.6614586092792489,0.3706581252396858,0.9896789338479539,0.36751837821186856,40,20
Spasmodische Dysphonie::2397::vowels::a_n,ok,,0.4885298103317181,0.14508957391107427,0.2982892198616937,0.7162889980788306,-1.446863856740447,1.5811258732638702,0.5109650300989426,0.23955957955552612,0.6277806093015288,0.4184046787997,0.9863805894945757,0.41438576999221177,40,20
Spasmodische Dysphonie::2440::vowels::a_n,ok,,0.4393935608928114,0.1156054020362572,0.3112483969511502,0.6544672960782303,-1.347622749428452,1.4644586728355597,0.4906478321919197,0.209089349524517,0.5537708213716028,0.3703377432796918,0.9933647809995969,0.20075932932096505,40,20
Spasmodische Dysphonie::2485::vowels::a_n,ok,,0.6173904632740816,0.23427417351817975,0.32025389524699455,0.9950367405290343,-1.7190337269160678,2.061103161646145,0.6647817626937126,0.3881232031833266,1.0077235845817016,0.4935279977556455,0.9809485286889857,0.3847811712291813,40,20
Spasmodische Dysphonie::2560::vowels::a_n,ok,,0.6553826378610808,0.12878687033222255,0.4885076256800741,0.8753456215655542,-1.3954288036860014,2.101843063342506,0.6867761989087743,0.22897466496521246,0.6330009536749914,0.58947329134035,0.9907368375616723,0.39774670162406234,40,20
Stimmlippenpolyp::109::vowels::a_n,ok,,0.661873137948814,0.19859544913371682,0.4133070176151706,0.9855178035888007,-1.6086998112159328,2.1696697243287586,0.7061763125060977,0.3299742559072269,0.8606552838589838,0.5540238765962443,0.9844348145198099,0.3600290411874631,40,20
Stimmlippenpolyp::131::vowels::a_n,ok,,0.6106321928929674,0.19352030495593717,0.3573933780214863,0.9196802675647556,-1.5960345314163402,1.9935634376400944,0.643570312983816,0.3239707107074165,0.8437218422189976,0.5181718939039193,0.9826342407855108,0.42356691707324406,40,20
Stimmlippenpolyp::491::vowels::a_n,ok,,0.5230409166238992,0.09768609505944598,0.40483389300088957,0.6934863161092162,-1.298152391973336,1.6821810103603951,0.5541046100964357,0.17117422640624816,0.4637560736842943,0.46851332992327244,0.9931415493275716,0.28677532919092863,40,20
Stimmlippenpolyp::501::vowels::a_n,ok,,0.6105466937942877,0.2277291742524069,0.3335955709140969,0.9784184645786302,-1.6959925568605125,2.046009449495481,0.6639048590629585,0.3691356158601409,0.9307383957716864,0.48180379457113,0.9820305209797164,0.3289197759225245,40,20
Stimmlippenpolyp::504::vowels::a_n,ok,,0.5277037316349811,0.07992534028897778,0.4200116550557909,0.6659009666167592,-1.2461307406452593,1.673447994872166,0.5458820923302822,0.14757162526962406,0.42558877079934154,0.4896065441687625,0.9940988865375567,0.43795180395067124,40,20
Stimmlippenpolyp::562::vowels::a_n,ok,,0.46506743916321147,0.1333461775221585,0.29943801325937736,0.6857105384753158,-1.4082743783756464,1.5234989981719036,0.4976647308253259,0.2239984105592384,0.590909492802763,0.39172751368128944,0.9901595490112116,0.3427386645227563,40,20
Stimmlippenpolyp::720::vowels::a_n,ok,,0.577762812319585,0.06787884451531472,0.4924572181085894,0.6968689474232107,-1.207777907980613,1.8274176271795104,0.5978957621814202,0.12222464785899036,0.343787842691615,0.5413420824371542,0.9951988275378558,0.33671780770359105,40,20
Stimmlippenpolyp::859::vowels::a_n,ok,,0.6202117106524203,0.10564043500160752,0.4811048474660717,0.799385629884991,-1.3251184473762272,1.9731122489004562,0.6440827851700637,0.18841997100710048,0.5247875308555905,0.568390114281613,0.991843372051307,0.4054649299130696,40,20
Stimmlippenpolyp::895::vowels::a_n,ok,,0.5268042509951363,0.16710780098494754,0.33106105781711725,0.8068639114966263,-1.508392841179853,1.7520736503095795,0.5766894158190421,0.2756348692883244,0.7120925727160055,0.42619125214606224,0.9883815483069993,0.2646443106742413,40,20
Stimmlippenpolyp::932::vowels::a_n,ok,,0.675565805992008,0.16338924116403133,0.47581059415359056,0.9590994000030946,-1.4987755136762995,2.2032344771496595,0.7250681002049715,0.28580975411715204,0.7673504521350427,0.585016782381826,0.9890628273451195,0.31533693697530907,40,20
Stimmlippenpolyp::1052::vowels::a_n,ok,,0.8242282764370505,0.13881029130224548,0.6504673373256686,1.0505874707575495,-1.4254046247643324,2.6223805189843414,0.8554450170035471,0.23095452852800902,0.6112802478896766,0.7480798886353188,0.9891758149559673,0.3547056966598231,40,20
Stimmlippenpolyp::1157::vowels::a_n,ok,,0.7588067529243051,0.20129339247517186,0.49316219676069434,1.0808815076845353,-1.6205035041410691,2.445116487976841,0.7921956241394488,0.33943928072046425,0.8908885166088352,0.6647070469458939,0.9814511227943481,0.4271823454839082,40,20
Stimmlippenpolyp::1164::vowels::a_n,ok,,0.7406262352990901,0.12901656659161662,0.5796417990404547,0.9506923929955834,-1.3953962616901616,2.3585050993741237,0.769798379063996,0.2139520852972632,0.5640596155055517,0.6698569900101424,0.9897435933999035,0.34495739807072096,40,20
Stimmlippenpolyp::1188::vowels::a_n,ok,,0.5360378567207026,0.1706342762615837,0.33058970374862584,0.8199505916366796,-1.5199707826157585,1.779946653068312,0.5825314604600281,0.28334128103380085,0.7423194589290811,0.4354557471732913,0.9892662944310111,0.31274520580823684,40,20
Stimmlippenpolyp::1317::vowels::a_n,ok,,0.3857267427133457,0.14900570118013115,0.20090654535860814,0.6329975694901531,-1.4561171084992053,1.2996319024916922,0.4227613440365611,0.25087392048223983,0.6645489835221698,0.30343483527578174,0.9890809347568332,0.33962643976914336,40,20
Stimmlippenpolyp::1334::vowels::a_n,ok,,0.6721201069832373,0.16504761703046947,0.43828916246442756,0.9212944088650962,-1.5100822706937937,2.1265509104259954,0.6813775670352393,0.27793393995007276,0.7436785542162445,0.737871188302659,0.9866048254008146,1.1456852182821633,40,20
Stimmlippenpolyp::1386::vowels::a_n,ok,,0.5181349178327553,0.12033537623783519,0.3570913141091585,0.719982161766257,-1.3705157825328398,1.6682228248062054,0.5421682719997045,0.21442756833454385,0.6037645554780147,0.4585969722984402,0.9906899598867206,0.4584514041323998,40,20
Stimmlippenpolyp::1389::vowels::a_n,ok,,0.6090105449562973,0.10236292465471578,0.49262418458926077,0.8040928781932882,-1.30722806290946,1.9730287483781108,0.655362617399217,0.19274698428749382,0.5366609817236236,0.5476611692434639,0.994985776329145,0.24568779565653817,40,20
Stimmlippenpolyp::1433::vowels::a_n,ok,,0.5542128586725245,0.1222668490636214,0.40239860231135294,0.7755397677804905,-1.3728607053329072,1.803686816500108,0.5952376990017216,0.2257988818712737,0.6209854276641544,0.4902136947652902,0.9923932516426551,0.32737836912694795,40,20
Stimmlippenpolyp::1525::vowels::a_n,ok,,0.6323651301801102,0.15719520234212045,0.43736276371972,0.9030570033018972,-1.480687010749564,2.062317225270525,0.677009962544831,0.274837393421141,0.7366070002516372,0.547458002610309,0.9891455128683071,0.337522875170996,40,20
Stimmlippenpolyp::1576::vowels::a_n,ok,,0.7542675768979429,0.18862987000007359,0.4904347493246819,1.030799690337981,-1.5817702457046405,2.38427974586052,0.7620451923346577,0.3071428592109082,0.8114254118600615,0.8349309236152572,0.9828233490103513,1.2503676155383576,40,20
Stimmlippenpolyp::1621::vowels::a_n,ok,,0.8425181075327727,0.21569477146255128,0.5412870313675986,1.157459305275633,-1.6653446861213788,2.6654132301448814,0.8507088839510217,0.34958533647268997,0.9101915619888299,0.9321471370764223,0.9810751169281193,1.2648054739260692,40,20
Stimmlippenpolyp::1622::vowels::a_n,ok,,0.48425769207862884,0.12712326991833067,0.2866027167772712,0.6780344665303086,-1.394103408862791,1.534647632942729,0.4819167944342796,0.23180459404408774,0.6643019838035031,0.4396705913708042,0.9894339705724253,0.8095567900382712,40,20
Stimmlippenpolyp::1639::vowels::a_n,ok,,0.679127069223163,0.2311908685406029,0.3638941014231065,1.0365396467364378,-1.7135248484046126,2.212240890693483,0.70400033264299,0.38584665195004986,1.0110343166075864,0.5746119888503554,0.9795134526469573,0.5198860030775904,40,20
Stimmlippenpolyp::1719::vowels::a_n,ok,,0.7398747189255045,0.21273839478447074,0.4670022679811991,1.067354776659291,-1.653273532224345,2.392991097243704,0.7721754445521138,0.340113670924232,0.8722052466756525,0.627758722237594,0.9808783575704477,0.41079938526977805,40,20
Stimmlippenpolyp::1722::vowels::a_n,ok,,0.8135325575168876,0.044676132254111496,0.7694957407854071,0.8984443420355723,-1.1323786830879654,2.5595009842393037,0.8378715842171942,0.07964581874518459,0.21504369261291068,0.7821224089245521,0.9976496295352297,0.09165675156523788,40,20
Stimmlippenpolyp::1749::vowels::a_n,ok,,0.5260706682547648,0.12216407041161727,0.3651037890910642,0.7340151244108126,-1.3758186679721287,1.6971482062543637,0.5539989600968018,0.21875901189123015,0.6120493954956818,0.4657121503542677,0.9908240302330973,0.4119970628365886,40,20
Stimmlippenpolyp::1764::vowels::a_n,ok,,0.642340056256839,0.17921984859559212,0.4138511002244506,0.9287643160029935,-1.5504630356545115,2.0844395900595036,0.6766527360587733,0.29550635270578574,0.7707694001099159,0.5485280690259964,0.9848425061079044,0.38425690137933444,40,20
Stimmlippenpolyp::1779::vowels::a_n,ok,,0.671873358458106,0.14463118789353913,0.4656981154143712,0.8820329447689403,-1.4464800526681336,2.11211599854497,0.6744322366282794,0.2369176658154672,0.6241904525073325,0.7320140075356325,0.9862336922023431,1.3453558907946386,40,20
Stimmlippenpolyp::1890::vowels::a_n,ok,,0.6901365237285361,0.14915234616345285,0.481140798389823,0.9215500474048697,-1.4611401009467608,2.1858444239367185,0.7036374644264335,0.2547483488740417,0.6883421137046168,0.7413179313622662,0.9861566335648965,1.0621419782868753,40,20
Stimmlippenpolyp::1957::vowels::a_n,ok,,0.6949521121546864,0.19067552401530102,0.44105966844043876,0.9817409551872948,-1.5871123576689412,2.222875410273479,0.7145634656873806,0.30627145437115827,0.7937240996354058,0.7674700875061257,0.9808780768782561,1.0881478744447155,40,20
Stimmlippenpolyp::2005::vowels::a_n,ok,,0.5197463255268111,0.1323642830824129,0.3395470822448376,0.7411539131179878,-1.4083375573652106,1.6779394208896017,0.544245009249082,0.2376245783466296,0.6649962051635092,0.45871731458370024,0.9896864714844761,0.46758384868977554,40,20
Stimmlippenpolyp::2056::vowels::a_n,ok,,0.5694700785676727,0.20552521200278762,0.3135034339842633,0.8893127119431425,-1.6298224904032732,1.8798283958537707,0.6073312329475615,0.32608499874607944,0.8286052799206072,0.4564802505740546,0.9813123921236235,0.3504722887261863,40,20
Stimmlippenpolyp::2090::vowels::a_n,ok,,0.630255927238008,0.17533651788662832,0.4031916697195188,0.9155025589212137,-1.539224239837614,2.0476029730149925,0.6647530097176944,0.29674832764972064,0.7845122675553333,0.5422622503022583,0.9860772050320555,0.40381273122456907,40,20
Stimmlippenpolyp::2099::vowels::a_n,ok,,0.40720632193152373,0.11941955066381986,0.2666964294213407,0.6113350757852511,-1.362860684426969,1.3498773397552015,0.4449023815222832,0.20157801031603897,0.5306415577138268,0.3358269458461185,0.9927516310922601,0.27618209915862707,40,20
Stimmlippenpolyp::2157::vowels::a_n,ok,,0.7054268184571432,0.2702167964333655,0.35917418414695906,1.1128562290493815,-1.8300100093397789,2.317615520874665,0.7413035018854096,0.4242611954129602,1.064748729870184,0.8027450847645602,0.9731488455365223,1.0251982875636492,40,20
Stimmlippenpolyp::2300::vowels::a_n,ok,,0.6592701992268923,0.23173174663928617,0.3817407102344271,1.0396135030692442,-1.7054263886984113,2.210295508305367,0.7198373543396575,0.3785114829598099,0.9654318429207271,0.5224700293993174,0.9855640964803184,0.3215865556078441,40,20
Stimmlippenpolyp::2303::vowels::a_n,ok,,0.6555543457900823,0.10195723833730926,0.5096011260437369,0.8291384855769192,-1.3147922968609997,2.0752168172692307,0.6717110550162699,0.19254771134865,0.5600839255775742,0.6109676402419812,0.9930786969705607,0.5752105436657443,40,20
Stimmlippenpolyp::2466::vowels::a_n,ok,,0.5917639830964003,0.1470072948447453,0.41206996210843705,0.8435287746107037,-1.4483916575275446,1.933243366765189,0.6342685432316852,0.25350216702097356,0.6703850095053325,0.5099607169118778,0.9908120771995637,0.32957579209691423,40,20
Stimmlippenpolyp::2518::vowels::a_n,ok,,0.5549682113135639,0.12390507124308554,0.3703732777020879,0.7555679933632783,-1.383777601095293,1.7660129624494545,0.5643709522407494,0.22938472477371255,0.6459745772666734,0.5076292469253764,0.9912315538239655,0.6707329409778375,40,20
Stimmlippenpolyp::2525::vowels::a_n,ok,,0.653517989228251,0.2420582835798943,0.36829837762016465,1.0620053106431662,-1.7356015280937551,2.2163701936764206,0.7259834046465607,0.4032915993699431,1.028506095705418,0.5112028246947624,0.9848944185706947,0.29061337407335935,40,20
Stimmlippenpolyp::2557::vowels::a_n,ok,,0.7059382541290968,0.22141796291931481,0.4091917540062345,1.0377280094068988,-1.6824746185991828,2.271222318912973,0.7264201790957486,0.356124679058166,0.9034350740264614,0.7878073114252884,0.9809872099252034,1.094829406432576,40,20
Stimmlippenpolyp::2572::vowels::a_n,ok,,0.6253833474537076,0.12854198760789018,0.430717739202837,0.8207824476628733,-1.3983105907780016,1.965801634512666,0.6259621670119812,0.2287304145420683,0.6400513485008852,0.6717084646550803,0.9886917407228746,1.296960870221796,40,20
Stimmlippenpolyp::2587::vowels::a_n,ok,,0.5634884284840208,0.09802961211842014,0.438098654975813,0.7245541970937668,-1.3014774976613812,1.7902816995581856,0.5848568429849869,0.16663666576070335,0.44685988925638576,0.5142238964853714,0.9913558000191848,0.35390614785399727,40,20
Stimmlippenpolyp::2592::vowels::a_n,ok,,0.5810164559950894,0.1821930133022247,0.3647340852383527,0.8954398742099496,-1.55419606455267,1.9391285841424748,0.6387899036259296,0.31197476718181383,0.8170266315617387,0.4752972292376557,0.988296326258427,0.28863962606576254,40,20
